Lp  F6        x1       x2        Ocena     Średni    Najgorszy
0 0.040611 -6.330968 0.291447 0.959389 0.516055 0.056954
1 0.040611 -6.330968 0.291447 0.959389 0.520096 0.059078
2 0.037520 -6.294347 0.093080 0.962480 0.534037 0.069678
3 0.037520 -6.294347 0.093080 0.962480 0.526330 0.094461
4 0.024511 -3.169299 0.770581 0.975489 0.520958 0.071774
5 0.019380 3.144884 -0.770581 0.980620 0.491004 0.023280
6 0.019380 3.144884 -0.770581 0.980620 0.499221 0.058993
7 0.019380 3.144884 -0.770581 0.980620 0.526890 0.075489
8 0.011377 -3.172351 0.215152 0.988623 0.494688 0.025992
9 0.011377 -3.172351 0.215152 0.988623 0.491754 0.022447
10 0.011377 -3.172351 0.215152 0.988623 0.547001 0.058875
11 0.010628 3.160143 -0.236515 0.989372 0.530026 0.008044
12 0.010628 3.160143 -0.236515 0.989372 0.506695 0.025388
13 0.010628 3.160143 -0.236515 0.989372 0.537212 0.098943
14 0.010628 3.160143 -0.236515 0.989372 0.495274 0.056597
15 0.002464 0.035096 -0.035096 0.997536 0.526460 0.058128
16 0.002073 -0.028992 0.035096 0.997927 0.528414 0.039660
17 0.002073 -0.028992 0.035096 0.997927 0.542830 0.016718
18 0.002073 -0.028992 0.035096 0.997927 0.502956 0.003743
19 0.002073 -0.028992 0.035096 0.997927 0.505293 0.048249
20 0.002073 -0.028992 0.035096 0.997927 0.520776 0.065561
21 0.002073 -0.028992 0.035096 0.997927 0.511310 0.056578
22 0.002073 -0.028992 0.035096 0.997927 0.532337 0.012277
23 0.002073 -0.028992 0.035096 0.997927 0.499203 0.106873
24 0.002073 -0.028992 0.035096 0.997927 0.537016 0.069277
25 0.002073 -0.028992 0.035096 0.997927 0.512418 0.056876
26 0.002073 -0.028992 0.035096 0.997927 0.521989 0.020505
27 0.002073 -0.028992 0.035096 0.997927 0.498312 0.007313
28 0.002073 -0.028992 0.035096 0.997927 0.523190 0.030631
29 0.002073 -0.028992 0.035096 0.997927 0.516821 0.003884
30 0.002073 -0.028992 0.035096 0.997927 0.511356 0.032754
31 0.002073 -0.028992 0.035096 0.997927 0.518177 0.093550
32 0.002073 -0.028992 0.035096 0.997927 0.528921 0.061987
33 0.002073 -0.028992 0.035096 0.997927 0.523898 0.014723
34 0.002073 -0.028992 0.035096 0.997927 0.521754 0.053804
35 0.002073 -0.028992 0.035096 0.997927 0.511653 0.066940
36 0.002073 -0.028992 0.035096 0.997927 0.530641 0.159896
37 0.002073 -0.028992 0.035096 0.997927 0.487643 0.059994
38 0.002073 -0.028992 0.035096 0.997927 0.539320 0.118556
39 0.002073 -0.028992 0.035096 0.997927 0.517467 0.021475
40 0.002073 -0.028992 0.035096 0.997927 0.487725 0.002949
41 0.002073 -0.028992 0.035096 0.997927 0.520753 0.152925
42 0.002073 -0.028992 0.035096 0.997927 0.532847 0.104009
43 0.002073 -0.028992 0.035096 0.997927 0.507707 0.059638
44 0.002073 -0.028992 0.035096 0.997927 0.497654 0.097297
45 0.002073 -0.028992 0.035096 0.997927 0.505170 0.047021
46 0.002073 -0.028992 0.035096 0.997927 0.492608 0.060140
47 0.002073 -0.028992 0.035096 0.997927 0.486765 0.101853
48 0.002073 -0.028992 0.035096 0.997927 0.497339 0.103123
49 0.002073 -0.028992 0.035096 0.997927 0.508878 0.057885
50 0.002073 -0.028992 0.035096 0.997927 0.509399 0.060739
51 0.002073 -0.028992 0.035096 0.997927 0.506388 0.042118
52 0.002073 -0.028992 0.035096 0.997927 0.496843 0.062103
53 0.002073 -0.028992 0.035096 0.997927 0.507144 0.049772
54 0.002073 -0.028992 0.035096 0.997927 0.506348 0.142386
55 0.002073 -0.028992 0.035096 0.997927 0.511593 0.035895
56 0.002073 -0.028992 0.035096 0.997927 0.497209 0.023940
57 0.002073 -0.028992 0.035096 0.997927 0.495896 0.059836
58 0.002073 -0.028992 0.035096 0.997927 0.520370 0.037714
59 0.002073 -0.028992 0.035096 0.997927 0.505547 0.051540
60 0.002073 -0.028992 0.035096 0.997927 0.493435 0.021646
61 0.001812 -0.010681 -0.041199 0.998188 0.529052 0.082676
62 0.001812 -0.010681 -0.041199 0.998188 0.530305 0.058122
63 0.001812 -0.010681 -0.041199 0.998188 0.490772 0.036188
64 0.001812 -0.010681 -0.041199 0.998188 0.518274 0.022987
65 0.001812 -0.010681 -0.041199 0.998188 0.530975 0.039840
66 0.001812 -0.010681 -0.041199 0.998188 0.519806 0.056527
67 0.001812 -0.010681 -0.041199 0.998188 0.514391 0.034462
68 0.001812 -0.010681 -0.041199 0.998188 0.522985 0.023938
69 0.001812 -0.010681 -0.041199 0.998188 0.533590 0.031704
70 0.001812 -0.010681 -0.041199 0.998188 0.506559 0.065291
71 0.001812 -0.010681 -0.041199 0.998188 0.522126 0.070979
72 0.001812 -0.010681 -0.041199 0.998188 0.509080 0.037369
73 0.001812 -0.010681 -0.041199 0.998188 0.519176 0.092330
74 0.001514 0.038148 0.007630 0.998486 0.528011 0.033778
75 0.001514 0.038148 0.007630 0.998486 0.520551 0.002474
76 0.001514 0.038148 0.007630 0.998486 0.547092 0.073261
77 0.001514 0.038148 0.007630 0.998486 0.530365 0.050921
78 0.001514 0.038148 0.007630 0.998486 0.519289 0.002517
79 0.001514 0.038148 0.007630 0.998486 0.526801 0.002823
80 0.001514 0.038148 0.007630 0.998486 0.533852 0.021468
81 0.001514 0.038148 0.007630 0.998486 0.510187 0.021943
82 0.001514 0.038148 0.007630 0.998486 0.503847 0.026434
83 0.001514 0.038148 0.007630 0.998486 0.504667 0.027513
84 0.001514 0.038148 0.007630 0.998486 0.524783 0.102290
85 0.001514 0.038148 0.007630 0.998486 0.519091 0.052356
86 0.001514 0.038148 0.007630 0.998486 0.513056 0.058578
87 0.001514 0.038148 0.007630 0.998486 0.520986 0.088441
88 0.001514 0.038148 0.007630 0.998486 0.510036 0.059879
89 0.000396 -0.010681 -0.016785 0.999604 0.528073 0.003157
90 0.000396 -0.010681 -0.016785 0.999604 0.506772 0.002472
91 0.000396 -0.010681 -0.016785 0.999604 0.549667 0.022080
92 0.000117 0.010681 0.001526 0.999883 0.507734 0.022253
93 0.000117 0.010681 0.001526 0.999883 0.512387 0.002457
94 0.000117 0.010681 0.001526 0.999883 0.518490 0.041920
95 0.000117 0.010681 0.001526 0.999883 0.551566 0.131829
96 0.000117 0.010681 0.001526 0.999883 0.523600 0.035210
97 0.000117 0.010681 0.001526 0.999883 0.512487 0.025497
98 0.000117 0.010681 0.001526 0.999883 0.497742 0.021498
99 0.000117 0.010681 0.001526 0.999883 0.518310 0.021363
100 0.000117 0.010681 0.001526 0.999883 0.511075 0.041657
101 0.000117 0.010681 0.001526 0.999883 0.505347 0.030191
102 0.000117 0.010681 0.001526 0.999883 0.526977 0.022550
103 0.000117 0.010681 0.001526 0.999883 0.536163 0.060821
104 0.000117 0.010681 0.001526 0.999883 0.490318 0.002794
105 0.000117 0.010681 0.001526 0.999883 0.517561 0.013739
106 0.000117 0.010681 0.001526 0.999883 0.527256 0.030323
107 0.000117 0.010681 0.001526 0.999883 0.513906 0.066737
108 0.000117 0.010681 0.001526 0.999883 0.510932 0.027275
109 0.000117 0.010681 0.001526 0.999883 0.528570 0.021541
110 0.000117 0.010681 0.001526 0.999883 0.529972 0.022759
111 0.000117 0.010681 0.001526 0.999883 0.518212 0.021552
112 0.000117 0.010681 0.001526 0.999883 0.524458 0.002480
113 0.000117 0.010681 0.001526 0.999883 0.532956 0.105912
114 0.000117 0.010681 0.001526 0.999883 0.533359 0.043163
115 0.000117 0.010681 0.001526 0.999883 0.535420 0.033437
116 0.000117 0.010681 0.001526 0.999883 0.498601 0.021684
117 0.000117 0.010681 0.001526 0.999883 0.518007 0.003552
118 0.000117 0.010681 0.001526 0.999883 0.525379 0.022803
119 0.000117 0.010681 0.001526 0.999883 0.509763 0.005474
120 0.000117 0.010681 0.001526 0.999883 0.529819 0.088231
121 0.000117 0.010681 0.001526 0.999883 0.510752 0.021506
122 0.000117 0.010681 0.001526 0.999883 0.506434 0.021982
123 0.000117 0.010681 0.001526 0.999883 0.513261 0.022854
124 0.000117 0.010681 0.001526 0.999883 0.543804 0.021485
125 0.000117 0.010681 0.001526 0.999883 0.512855 0.021582
126 0.000117 0.010681 0.001526 0.999883 0.523807 0.022517
127 0.000117 0.010681 0.001526 0.999883 0.517709 0.103948
128 0.000117 0.010681 0.001526 0.999883 0.510409 0.020322
129 0.000117 0.010681 0.001526 0.999883 0.533704 0.022880
130 0.000117 0.010681 0.001526 0.999883 0.517486 0.151167
131 0.000117 0.010681 0.001526 0.999883 0.525874 0.095307
132 0.000117 0.010681 0.001526 0.999883 0.532683 0.021545
133 0.000117 0.010681 0.001526 0.999883 0.510348 0.025922
134 0.000117 0.010681 0.001526 0.999883 0.500877 0.119466
135 0.000117 0.010681 0.001526 0.999883 0.494136 0.057908
136 0.000117 0.010681 0.001526 0.999883 0.504185 0.023435
137 0.000117 0.010681 0.001526 0.999883 0.507379 0.123521
138 0.000117 0.010681 0.001526 0.999883 0.486168 0.022267
139 0.000117 0.010681 0.001526 0.999883 0.519754 0.022320
140 0.000117 0.010681 0.001526 0.999883 0.514945 0.035063
141 0.000117 0.010681 0.001526 0.999883 0.534021 0.201789
142 0.000117 0.010681 0.001526 0.999883 0.523571 0.109409
143 0.000117 0.010681 0.001526 0.999883 0.519417 0.036236
144 0.000117 0.010681 0.001526 0.999883 0.489795 0.086081
145 0.000117 0.010681 0.001526 0.999883 0.503790 0.049988
146 0.000117 0.010681 0.001526 0.999883 0.510147 0.098163
147 0.000117 0.010681 0.001526 0.999883 0.533219 0.028516
148 0.000117 0.010681 0.001526 0.999883 0.523226 0.039015
149 0.000117 0.010681 0.001526 0.999883 0.512591 0.004464
150 0.000117 0.010681 0.001526 0.999883 0.512374 0.036806
151 0.000117 0.010681 0.001526 0.999883 0.514836 0.021886
152 0.000117 0.010681 0.001526 0.999883 0.512901 0.007528
153 0.000117 0.010681 0.001526 0.999883 0.517532 0.032884
154 0.000117 0.010681 0.001526 0.999883 0.474804 0.006503
155 0.000117 0.010681 0.001526 0.999883 0.522780 0.058590
156 0.000117 0.010681 0.001526 0.999883 0.545210 0.064025
157 0.000117 0.010681 0.001526 0.999883 0.504927 0.012765
158 0.000117 0.010681 0.001526 0.999883 0.526356 0.002978
159 0.000117 0.010681 0.001526 0.999883 0.523843 0.246007
160 0.000117 0.010681 0.001526 0.999883 0.525645 0.023786
161 0.000117 0.010681 0.001526 0.999883 0.513847 0.102030
162 0.000117 0.010681 0.001526 0.999883 0.494552 0.025769
163 0.000117 0.010681 0.001526 0.999883 0.457407 0.003986
164 0.000117 0.010681 0.001526 0.999883 0.514653 0.045945
165 0.000117 0.010681 0.001526 0.999883 0.505915 0.023279
166 0.000117 0.010681 0.001526 0.999883 0.501876 0.010490
167 0.000117 0.010681 0.001526 0.999883 0.504326 0.016961
168 0.000117 0.010681 0.001526 0.999883 0.516099 0.116294
169 0.000117 0.010681 0.001526 0.999883 0.510844 0.070669
170 0.000117 0.010681 0.001526 0.999883 0.536522 0.058349
171 0.000117 0.010681 0.001526 0.999883 0.558221 0.058430
172 0.000117 0.010681 0.001526 0.999883 0.519496 0.051738
173 0.000117 0.010681 0.001526 0.999883 0.520789 0.040847
174 0.000117 0.010681 0.001526 0.999883 0.556892 0.009448
175 0.000117 0.010681 0.001526 0.999883 0.511594 0.004678
176 0.000117 0.010681 0.001526 0.999883 0.528835 0.024909
177 0.000117 0.010681 0.001526 0.999883 0.516671 0.041374
178 0.000117 0.010681 0.001526 0.999883 0.539159 0.132646
179 0.000117 0.010681 0.001526 0.999883 0.501944 0.059462
180 0.000117 0.010681 0.001526 0.999883 0.536152 0.027174
181 0.000117 0.010681 0.001526 0.999883 0.487726 0.034853
182 0.000117 0.010681 0.001526 0.999883 0.485689 0.003911
183 0.000117 0.010681 0.001526 0.999883 0.485014 0.057986
184 0.000117 0.010681 0.001526 0.999883 0.499183 0.002638
185 0.000117 0.010681 0.001526 0.999883 0.525493 0.068690
186 0.000117 0.010681 0.001526 0.999883 0.530852 0.019207
187 0.000117 0.010681 0.001526 0.999883 0.528621 0.050813
188 0.000117 0.010681 0.001526 0.999883 0.496074 0.076445
189 0.000117 0.010681 0.001526 0.999883 0.461980 0.002763
190 0.000117 0.010681 0.001526 0.999883 0.508874 0.187630
191 0.000117 0.010681 0.001526 0.999883 0.492042 0.087545
192 0.000117 0.010681 0.001526 0.999883 0.507273 0.007342
193 0.000117 0.010681 0.001526 0.999883 0.526429 0.002649
194 0.000117 0.010681 0.001526 0.999883 0.498213 0.058031
195 0.000117 0.010681 0.001526 0.999883 0.511317 0.020521
196 0.000117 0.010681 0.001526 0.999883 0.509866 0.021469
197 0.000117 0.010681 0.001526 0.999883 0.524994 0.038879
198 0.000117 0.010681 0.001526 0.999883 0.515417 0.056846
199 0.000117 0.010681 0.001526 0.999883 0.537487 0.027341
200 0.000117 0.010681 0.001526 0.999883 0.555491 0.021472
201 0.000117 0.010681 0.001526 0.999883 0.512070 0.005173
202 0.000117 0.010681 0.001526 0.999883 0.518057 0.002488
203 0.000117 0.010681 0.001526 0.999883 0.510625 0.008727
204 0.000117 0.010681 0.001526 0.999883 0.515892 0.107524
205 0.000117 0.010681 0.001526 0.999883 0.528497 0.137718
206 0.000117 0.010681 0.001526 0.999883 0.496928 0.040910
207 0.000117 0.010681 0.001526 0.999883 0.505996 0.033109
208 0.000117 0.010681 0.001526 0.999883 0.511743 0.077596
209 0.000117 0.010681 0.001526 0.999883 0.534072 0.057941
210 0.000117 0.010681 0.001526 0.999883 0.538789 0.002798
211 0.000117 0.010681 0.001526 0.999883 0.513721 0.057025
212 0.000117 0.010681 0.001526 0.999883 0.501116 0.038191
213 0.000117 0.010681 0.001526 0.999883 0.505374 0.008019
214 0.000117 0.010681 0.001526 0.999883 0.493339 0.009951
215 0.000117 0.010681 0.001526 0.999883 0.559979 0.002637
216 0.000117 0.010681 0.001526 0.999883 0.527431 0.008807
217 0.000117 0.010681 0.001526 0.999883 0.489271 0.009229
218 0.000117 0.010681 0.001526 0.999883 0.538298 0.011991
219 0.000117 0.010681 0.001526 0.999883 0.513401 0.026908
220 0.000117 0.010681 0.001526 0.999883 0.519291 0.081198
221 0.000117 0.010681 0.001526 0.999883 0.530557 0.106669
222 0.000117 0.010681 0.001526 0.999883 0.490139 0.041899
223 0.000117 0.010681 0.001526 0.999883 0.525567 0.002499
224 0.000117 0.010681 0.001526 0.999883 0.489989 0.029506
225 0.000117 0.010681 0.001526 0.999883 0.539964 0.045272
226 0.000117 0.010681 0.001526 0.999883 0.532876 0.093044
227 0.000117 0.010681 0.001526 0.999883 0.494661 0.022966
228 0.000117 0.010681 0.001526 0.999883 0.536951 0.020157
229 0.000117 0.010681 0.001526 0.999883 0.503381 0.004492
230 0.000117 0.010681 0.001526 0.999883 0.523801 0.039270
231 0.000117 0.010681 0.001526 0.999883 0.503846 0.011813
232 0.000117 0.010681 0.001526 0.999883 0.489609 0.008234
233 0.000117 0.010681 0.001526 0.999883 0.506614 0.002928
234 0.000117 0.010681 0.001526 0.999883 0.530030 0.084964
235 0.000117 0.010681 0.001526 0.999883 0.509931 0.027409
236 0.000117 0.010681 0.001526 0.999883 0.524097 0.058612
237 0.000117 0.010681 0.001526 0.999883 0.465317 0.058854
238 0.000117 0.010681 0.001526 0.999883 0.525323 0.081131
239 0.000117 0.010681 0.001526 0.999883 0.497572 0.011092
240 0.000117 0.010681 0.001526 0.999883 0.538111 0.023925
241 0.000117 0.010681 0.001526 0.999883 0.538811 0.105631
242 0.000117 0.010681 0.001526 0.999883 0.533216 0.260526
243 0.000117 0.010681 0.001526 0.999883 0.500475 0.077268
244 0.000117 0.010681 0.001526 0.999883 0.527848 0.156764
245 0.000117 0.010681 0.001526 0.999883 0.511644 0.061897
246 0.000117 0.010681 0.001526 0.999883 0.529708 0.195483
247 0.000117 0.010681 0.001526 0.999883 0.505075 0.075956
248 0.000117 0.010681 0.001526 0.999883 0.524065 0.090860
249 0.000117 0.010681 0.001526 0.999883 0.512205 0.072635
250 0.000117 0.010681 0.001526 0.999883 0.518315 0.033272
251 0.000117 0.010681 0.001526 0.999883 0.533990 0.029681
252 0.000117 0.010681 0.001526 0.999883 0.544337 0.115314
253 0.000117 0.010681 0.001526 0.999883 0.517833 0.035673
254 0.000117 0.010681 0.001526 0.999883 0.530490 0.053623
255 0.000117 0.010681 0.001526 0.999883 0.514951 0.021760
256 0.000117 0.010681 0.001526 0.999883 0.490055 0.022749
257 0.000117 0.010681 0.001526 0.999883 0.519501 0.034883
258 0.000117 0.010681 0.001526 0.999883 0.503561 0.077304
259 0.000117 0.010681 0.001526 0.999883 0.485483 0.016834
260 0.000117 0.010681 0.001526 0.999883 0.546292 0.175008
261 0.000117 0.010681 0.001526 0.999883 0.539027 0.003535
262 0.000117 0.010681 0.001526 0.999883 0.517869 0.041332
263 0.000117 0.010681 0.001526 0.999883 0.499701 0.086772
264 0.000117 0.010681 0.001526 0.999883 0.529879 0.102924
265 0.000117 0.010681 0.001526 0.999883 0.517056 0.058559
266 0.000117 0.010681 0.001526 0.999883 0.534467 0.104417
267 0.000117 0.010681 0.001526 0.999883 0.490797 0.087874
268 0.000117 0.010681 0.001526 0.999883 0.552021 0.270839
269 0.000117 0.010681 0.001526 0.999883 0.492691 0.069265
270 0.000117 0.010681 0.001526 0.999883 0.533870 0.042424
271 0.000117 0.010681 0.001526 0.999883 0.533067 0.160297
272 0.000117 0.010681 0.001526 0.999883 0.486962 0.005457
273 0.000117 0.010681 0.001526 0.999883 0.532404 0.178150
274 0.000117 0.010681 0.001526 0.999883 0.495923 0.056720
275 0.000117 0.010681 0.001526 0.999883 0.503052 0.058178
276 0.000117 0.010681 0.001526 0.999883 0.541113 0.151837
277 0.000117 0.010681 0.001526 0.999883 0.512638 0.155567
278 0.000117 0.010681 0.001526 0.999883 0.516545 0.137770
279 0.000117 0.010681 0.001526 0.999883 0.534132 0.116476
280 0.000117 0.010681 0.001526 0.999883 0.507976 0.093997
281 0.000117 0.010681 0.001526 0.999883 0.503264 0.027765
282 0.000117 0.010681 0.001526 0.999883 0.513919 0.085707
283 0.000117 0.010681 0.001526 0.999883 0.512918 0.194181
284 0.000117 0.010681 0.001526 0.999883 0.525451 0.067959
285 0.000117 0.010681 0.001526 0.999883 0.516884 0.059407
286 0.000117 0.010681 0.001526 0.999883 0.516359 0.026509
287 0.000117 0.010681 0.001526 0.999883 0.498107 0.087454
288 0.000117 0.010681 0.001526 0.999883 0.526583 0.010078
289 0.000117 0.010681 0.001526 0.999883 0.507550 0.052015
290 0.000117 0.010681 0.001526 0.999883 0.529857 0.049010
291 0.000117 0.010681 0.001526 0.999883 0.546096 0.048230
292 0.000117 0.010681 0.001526 0.999883 0.547029 0.023865
293 0.000117 0.010681 0.001526 0.999883 0.493481 0.026421
294 0.000117 0.010681 0.001526 0.999883 0.532201 0.024950
295 0.000117 0.010681 0.001526 0.999883 0.503189 0.057035
296 0.000117 0.010681 0.001526 0.999883 0.519314 0.065648
297 0.000117 0.010681 0.001526 0.999883 0.523403 0.020783
298 0.000117 0.010681 0.001526 0.999883 0.530480 0.058740
299 0.000117 0.010681 0.001526 0.999883 0.507919 0.011794
300 0.000117 0.010681 0.001526 0.999883 0.512220 0.040319
301 0.000117 0.010681 0.001526 0.999883 0.521047 0.152902
302 0.000117 0.010681 0.001526 0.999883 0.510878 0.061836
303 0.000117 0.010681 0.001526 0.999883 0.489884 0.027388
304 0.000117 0.010681 0.001526 0.999883 0.525220 0.027400
305 0.000117 0.010681 0.001526 0.999883 0.543715 0.057479
306 0.000117 0.010681 0.001526 0.999883 0.502831 0.029373
307 0.000117 0.010681 0.001526 0.999883 0.511304 0.002761
308 0.000117 0.010681 0.001526 0.999883 0.487277 0.047467
309 0.000117 0.010681 0.001526 0.999883 0.508710 0.084719
310 0.000117 0.010681 0.001526 0.999883 0.516763 0.019166
311 0.000117 0.010681 0.001526 0.999883 0.487975 0.005437
312 0.000117 0.010681 0.001526 0.999883 0.526767 0.056369
313 0.000117 0.010681 0.001526 0.999883 0.525726 0.111144
314 0.000117 0.010681 0.001526 0.999883 0.524949 0.056468
315 0.000117 0.010681 0.001526 0.999883 0.521143 0.175791
316 0.000117 0.010681 0.001526 0.999883 0.527833 0.106565
317 0.000117 0.010681 0.001526 0.999883 0.508144 0.021679
318 0.000117 0.010681 0.001526 0.999883 0.507200 0.002642
319 0.000117 0.010681 0.001526 0.999883 0.518521 0.055231
320 0.000117 0.010681 0.001526 0.999883 0.499251 0.023338
321 0.000117 0.010681 0.001526 0.999883 0.531512 0.036328
322 0.000117 0.010681 0.001526 0.999883 0.500268 0.032138
323 0.000117 0.010681 0.001526 0.999883 0.463089 0.044854
324 0.000117 0.010681 0.001526 0.999883 0.514105 0.064433
325 0.000117 0.010681 0.001526 0.999883 0.515583 0.032058
326 0.000117 0.010681 0.001526 0.999883 0.512599 0.051057
327 0.000117 0.010681 0.001526 0.999883 0.514825 0.040940
328 0.000117 0.010681 0.001526 0.999883 0.529563 0.075104
329 0.000117 0.010681 0.001526 0.999883 0.504468 0.004668
330 0.000117 0.010681 0.001526 0.999883 0.495990 0.023313
331 0.000117 0.010681 0.001526 0.999883 0.501226 0.029839
332 0.000117 0.010681 0.001526 0.999883 0.509967 0.021499
333 0.000117 0.010681 0.001526 0.999883 0.506562 0.070246
334 0.000117 0.010681 0.001526 0.999883 0.520317 0.003846
335 0.000117 0.010681 0.001526 0.999883 0.529057 0.047435
336 0.000117 0.010681 0.001526 0.999883 0.510637 0.081319
337 0.000117 0.010681 0.001526 0.999883 0.514193 0.041074
338 0.000117 0.010681 0.001526 0.999883 0.522879 0.002457
339 0.000117 0.010681 0.001526 0.999883 0.517688 0.021363
340 0.000117 0.010681 0.001526 0.999883 0.522183 0.095860
341 0.000117 0.010681 0.001526 0.999883 0.530114 0.056645
342 0.000117 0.010681 0.001526 0.999883 0.492263 0.033777
343 0.000117 0.010681 0.001526 0.999883 0.516285 0.015925
344 0.000117 0.010681 0.001526 0.999883 0.541699 0.002558
345 0.000117 0.010681 0.001526 0.999883 0.512097 0.003369
346 0.000117 0.010681 0.001526 0.999883 0.539434 0.153390
347 0.000117 0.010681 0.001526 0.999883 0.516208 0.057132
348 0.000117 0.010681 0.001526 0.999883 0.515969 0.020170
349 0.000117 0.010681 0.001526 0.999883 0.510810 0.014599
350 0.000117 0.010681 0.001526 0.999883 0.502981 0.035959
351 0.000117 0.010681 0.001526 0.999883 0.549925 0.003675
352 0.000117 0.010681 0.001526 0.999883 0.487854 0.005561
353 0.000117 0.010681 0.001526 0.999883 0.505780 0.029672
354 0.000117 0.010681 0.001526 0.999883 0.502965 0.032010
355 0.000117 0.010681 0.001526 0.999883 0.520681 0.017957
356 0.000117 0.010681 0.001526 0.999883 0.513967 0.084739
357 0.000117 0.010681 0.001526 0.999883 0.515763 0.025487
358 0.000117 0.010681 0.001526 0.999883 0.543207 0.021479
359 0.000117 0.010681 0.001526 0.999883 0.544288 0.003078
360 0.000117 0.010681 0.001526 0.999883 0.525288 0.014193
361 0.000117 0.010681 0.001526 0.999883 0.505932 0.101980
362 0.000117 0.010681 0.001526 0.999883 0.498487 0.009447
363 0.000117 0.010681 0.001526 0.999883 0.501986 0.017419
364 0.000117 0.010681 0.001526 0.999883 0.521700 0.071004
365 0.000117 0.010681 0.001526 0.999883 0.522083 0.186397
366 0.000117 0.010681 0.001526 0.999883 0.487317 0.056457
367 0.000117 0.010681 0.001526 0.999883 0.517078 0.070194
368 0.000117 0.010681 0.001526 0.999883 0.526693 0.061524
369 0.000117 0.010681 0.001526 0.999883 0.536348 0.009214
370 0.000117 0.010681 0.001526 0.999883 0.521474 0.076685
371 0.000117 0.010681 0.001526 0.999883 0.498175 0.092290
372 0.000117 0.010681 0.001526 0.999883 0.531956 0.134127
373 0.000117 0.010681 0.001526 0.999883 0.531911 0.033739
374 0.000117 0.010681 0.001526 0.999883 0.519657 0.026155
375 0.000117 0.010681 0.001526 0.999883 0.517597 0.022135
376 0.000117 0.010681 0.001526 0.999883 0.492687 0.021469
377 0.000117 0.010681 0.001526 0.999883 0.512116 0.182666
378 0.000117 0.010681 0.001526 0.999883 0.498661 0.056577
379 0.000117 0.010681 0.001526 0.999883 0.496675 0.068552
380 0.000117 0.010681 0.001526 0.999883 0.503594 0.176705
381 0.000117 0.010681 0.001526 0.999883 0.545377 0.043170
382 0.000117 0.010681 0.001526 0.999883 0.514089 0.022118
383 0.000117 0.010681 0.001526 0.999883 0.526237 0.023574
384 0.000117 0.010681 0.001526 0.999883 0.519377 0.014302
385 0.000117 0.010681 0.001526 0.999883 0.523815 0.003923
386 0.000117 0.010681 0.001526 0.999883 0.528787 0.059348
387 0.000117 0.010681 0.001526 0.999883 0.501197 0.003216
388 0.000117 0.010681 0.001526 0.999883 0.506740 0.005144
389 0.000117 0.010681 0.001526 0.999883 0.550587 0.130239
390 0.000117 0.010681 0.001526 0.999883 0.521327 0.013334
391 0.000117 0.010681 0.001526 0.999883 0.507983 0.018843
392 0.000117 0.010681 0.001526 0.999883 0.493187 0.015842
393 0.000117 0.010681 0.001526 0.999883 0.511701 0.029999
394 0.000117 0.010681 0.001526 0.999883 0.536328 0.185417
395 0.000117 0.010681 0.001526 0.999883 0.502079 0.040726
396 0.000117 0.010681 0.001526 0.999883 0.510972 0.076955
397 0.000117 0.010681 0.001526 0.999883 0.531765 0.117751
398 0.000117 0.010681 0.001526 0.999883 0.535346 0.005023
399 0.000117 0.010681 0.001526 0.999883 0.534357 0.155859
400 0.000117 0.010681 0.001526 0.999883 0.508352 0.033103
401 0.000117 0.010681 0.001526 0.999883 0.551173 0.083862
402 0.000117 0.010681 0.001526 0.999883 0.553266 0.013731
403 0.000117 0.010681 0.001526 0.999883 0.522920 0.070415
404 0.000117 0.010681 0.001526 0.999883 0.495998 0.021732
405 0.000117 0.010681 0.001526 0.999883 0.577856 0.102782
406 0.000117 0.010681 0.001526 0.999883 0.540666 0.002753
407 0.000117 0.010681 0.001526 0.999883 0.512668 0.002859
408 0.000117 0.010681 0.001526 0.999883 0.529481 0.064620
409 0.000117 0.010681 0.001526 0.999883 0.490960 0.056771
410 0.000117 0.010681 0.001526 0.999883 0.516355 0.162595
411 0.000117 0.010681 0.001526 0.999883 0.493433 0.025385
412 0.000117 0.010681 0.001526 0.999883 0.502107 0.072956
413 0.000117 0.010681 0.001526 0.999883 0.531461 0.064260
414 0.000117 0.010681 0.001526 0.999883 0.515296 0.003139
415 0.000117 0.010681 0.001526 0.999883 0.518504 0.015155
416 0.000117 0.010681 0.001526 0.999883 0.497849 0.048663
417 0.000117 0.010681 0.001526 0.999883 0.538650 0.082446
418 0.000117 0.010681 0.001526 0.999883 0.506185 0.047924
419 0.000117 0.010681 0.001526 0.999883 0.522417 0.024746
420 0.000117 0.010681 0.001526 0.999883 0.513749 0.017566
421 0.000117 0.010681 0.001526 0.999883 0.504038 0.002635
422 0.000117 0.010681 0.001526 0.999883 0.533087 0.057650
423 0.000117 0.010681 0.001526 0.999883 0.542504 0.057288
424 0.000117 0.010681 0.001526 0.999883 0.517989 0.179379
425 0.000117 0.010681 0.001526 0.999883 0.487475 0.019834
426 0.000117 0.010681 0.001526 0.999883 0.541136 0.179436
427 0.000117 0.010681 0.001526 0.999883 0.504676 0.076350
428 0.000117 0.010681 0.001526 0.999883 0.513886 0.024998
429 0.000117 0.010681 0.001526 0.999883 0.466319 0.085829
430 0.000117 0.010681 0.001526 0.999883 0.503567 0.102409
431 0.000117 0.010681 0.001526 0.999883 0.518705 0.056376
432 0.000117 0.010681 0.001526 0.999883 0.517383 0.149376
433 0.000117 0.010681 0.001526 0.999883 0.528850 0.045354
434 0.000117 0.010681 0.001526 0.999883 0.529845 0.004423
435 0.000117 0.010681 0.001526 0.999883 0.533266 0.215570
436 0.000117 0.010681 0.001526 0.999883 0.519797 0.058678
437 0.000117 0.010681 0.001526 0.999883 0.521151 0.003006
438 0.000117 0.010681 0.001526 0.999883 0.510283 0.043940
439 0.000117 0.010681 0.001526 0.999883 0.510487 0.129638
440 0.000117 0.010681 0.001526 0.999883 0.538106 0.205959
441 0.000117 0.010681 0.001526 0.999883 0.546629 0.165397
442 0.000117 0.010681 0.001526 0.999883 0.522355 0.035309
443 0.000117 0.010681 0.001526 0.999883 0.528222 0.060208
444 0.000117 0.010681 0.001526 0.999883 0.512213 0.002973
445 0.000117 0.010681 0.001526 0.999883 0.505375 0.056827
446 0.000117 0.010681 0.001526 0.999883 0.524676 0.010994
447 0.000117 0.010681 0.001526 0.999883 0.542543 0.023640
448 0.000117 0.010681 0.001526 0.999883 0.507844 0.015521
449 0.000117 0.010681 0.001526 0.999883 0.499019 0.029917
450 0.000117 0.010681 0.001526 0.999883 0.508911 0.093376
451 0.000117 0.010681 0.001526 0.999883 0.492367 0.042792
452 0.000117 0.010681 0.001526 0.999883 0.525059 0.157996
453 0.000117 0.010681 0.001526 0.999883 0.518544 0.006230
454 0.000117 0.010681 0.001526 0.999883 0.541553 0.143249
455 0.000117 0.010681 0.001526 0.999883 0.525273 0.111914
456 0.000117 0.010681 0.001526 0.999883 0.521800 0.048049
457 0.000117 0.010681 0.001526 0.999883 0.560000 0.002491
458 0.000117 0.010681 0.001526 0.999883 0.515258 0.031577
459 0.000117 0.010681 0.001526 0.999883 0.546645 0.211063
460 0.000117 0.010681 0.001526 0.999883 0.524348 0.127319
461 0.000117 0.010681 0.001526 0.999883 0.483787 0.104561
462 0.000117 0.010681 0.001526 0.999883 0.528630 0.072624
463 0.000117 0.010681 0.001526 0.999883 0.531044 0.058596
464 0.000117 0.010681 0.001526 0.999883 0.533082 0.049207
465 0.000117 0.010681 0.001526 0.999883 0.508557 0.039042
466 0.000117 0.010681 0.001526 0.999883 0.523127 0.152607
467 0.000117 0.010681 0.001526 0.999883 0.526358 0.036268
468 0.000117 0.010681 0.001526 0.999883 0.523497 0.024218
469 0.000117 0.010681 0.001526 0.999883 0.524606 0.002782
470 0.000117 0.010681 0.001526 0.999883 0.565012 0.084543
471 0.000117 0.010681 0.001526 0.999883 0.537464 0.021524
472 0.000117 0.010681 0.001526 0.999883 0.532497 0.002474
473 0.000117 0.010681 0.001526 0.999883 0.519068 0.091515
474 0.000117 0.010681 0.001526 0.999883 0.504687 0.034188
475 0.000117 0.010681 0.001526 0.999883 0.523759 0.002503
476 0.000117 0.010681 0.001526 0.999883 0.531464 0.023208
477 0.000117 0.010681 0.001526 0.999883 0.545553 0.094736
478 0.000117 0.010681 0.001526 0.999883 0.498402 0.005797
479 0.000117 0.010681 0.001526 0.999883 0.495599 0.044284
480 0.000117 0.010681 0.001526 0.999883 0.512753 0.076463
481 0.000117 0.010681 0.001526 0.999883 0.536601 0.053625
482 0.000117 0.010681 0.001526 0.999883 0.509565 0.009111
483 0.000117 0.010681 0.001526 0.999883 0.519894 0.025375
484 0.000117 0.010681 0.001526 0.999883 0.488145 0.057851
485 0.000117 0.010681 0.001526 0.999883 0.521501 0.026649
486 0.000117 0.010681 0.001526 0.999883 0.504805 0.047519
487 0.000117 0.010681 0.001526 0.999883 0.524936 0.038930
488 0.000117 0.010681 0.001526 0.999883 0.560882 0.024411
489 0.000117 0.010681 0.001526 0.999883 0.530915 0.059061
490 0.000117 0.010681 0.001526 0.999883 0.489319 0.113302
491 0.000117 0.010681 0.001526 0.999883 0.484092 0.115607
492 0.000117 0.010681 0.001526 0.999883 0.530516 0.024472
493 0.000117 0.010681 0.001526 0.999883 0.513902 0.023749
494 0.000117 0.010681 0.001526 0.999883 0.555902 0.060348
495 0.000117 0.010681 0.001526 0.999883 0.501363 0.061431
496 0.000117 0.010681 0.001526 0.999883 0.546064 0.009000
497 0.000117 0.010681 0.001526 0.999883 0.518359 0.065316
498 0.000117 0.010681 0.001526 0.999883 0.492939 0.068726
499 0.000117 0.010681 0.001526 0.999883 0.511921 0.100922
