Lp  F6        x1       x2        Ocena     Średni    Najgorszy
0 0.236895 -7.011521 -17.341878 0.763105 0.496503 0.239366
1 0.037404 -2.272068 -5.836576 0.962596 0.495571 0.203514
2 0.037404 -2.272068 -5.836576 0.962596 0.494047 0.107984
3 0.017511 -2.073701 2.473487 0.982489 0.502600 0.187576
4 0.017511 -2.073701 2.473487 0.982489 0.499200 0.372154
5 0.017511 -2.073701 2.473487 0.982489 0.506262 0.294307
6 0.017511 -2.073701 2.473487 0.982489 0.499989 0.202890
7 0.017511 -2.073701 2.473487 0.982489 0.499528 0.360065
8 0.017511 -2.073701 2.473487 0.982489 0.499563 0.365798
9 0.017511 -2.073701 2.473487 0.982489 0.511813 0.265835
10 0.017511 -2.073701 2.473487 0.982489 0.491830 0.119354
11 0.013300 -3.178454 -0.361639 0.986700 0.508102 0.116112
12 0.013300 -3.178454 -0.361639 0.986700 0.494627 0.004336
13 0.013300 -3.178454 -0.361639 0.986700 0.504443 0.279020
14 0.013300 -3.178454 -0.361639 0.986700 0.509005 0.232512
15 0.013300 -3.178454 -0.361639 0.986700 0.496660 0.209060
16 0.013300 -3.178454 -0.361639 0.986700 0.505777 0.187093
17 0.013300 -3.178454 -0.361639 0.986700 0.492749 0.255572
18 0.013300 -3.178454 -0.361639 0.986700 0.490802 0.110558
19 0.013300 -3.178454 -0.361639 0.986700 0.500578 0.298854
20 0.013300 -3.178454 -0.361639 0.986700 0.491186 0.255027
21 0.013300 -3.178454 -0.361639 0.986700 0.497713 0.222580
22 0.013300 -3.178454 -0.361639 0.986700 0.497534 0.368408
23 0.013300 -3.178454 -0.361639 0.986700 0.504990 0.371843
24 0.013300 -3.178454 -0.361639 0.986700 0.507325 0.260479
25 0.013300 -3.178454 -0.361639 0.986700 0.499135 0.283927
26 0.013300 -3.178454 -0.361639 0.986700 0.484500 0.117098
27 0.013300 -3.178454 -0.361639 0.986700 0.499770 0.175722
28 0.013300 -3.178454 -0.361639 0.986700 0.498738 0.300142
29 0.013300 -3.178454 -0.361639 0.986700 0.493741 0.144486
30 0.013300 -3.178454 -0.361639 0.986700 0.500341 0.259264
31 0.013300 -3.178454 -0.361639 0.986700 0.504693 0.217857
32 0.013300 -3.178454 -0.361639 0.986700 0.496803 0.361518
33 0.013300 -3.178454 -0.361639 0.986700 0.488368 0.057016
34 0.013300 -3.178454 -0.361639 0.986700 0.501722 0.185783
35 0.013300 -3.178454 -0.361639 0.986700 0.494677 0.083249
36 0.013300 -3.178454 -0.361639 0.986700 0.503379 0.168390
37 0.013300 -3.178454 -0.361639 0.986700 0.518684 0.324003
38 0.013300 -3.178454 -0.361639 0.986700 0.504975 0.310307
39 0.013300 -3.178454 -0.361639 0.986700 0.497119 0.160360
40 0.013300 -3.178454 -0.361639 0.986700 0.496062 0.252214
41 0.013300 -3.178454 -0.361639 0.986700 0.498266 0.160367
42 0.013300 -3.178454 -0.361639 0.986700 0.503399 0.205077
43 0.013300 -3.178454 -0.361639 0.986700 0.497652 0.293994
44 0.013300 -3.178454 -0.361639 0.986700 0.501669 0.263997
45 0.013300 -3.178454 -0.361639 0.986700 0.498791 0.305242
46 0.013300 -3.178454 -0.361639 0.986700 0.492639 0.131864
47 0.013300 -3.178454 -0.361639 0.986700 0.488415 0.103171
48 0.013300 -3.178454 -0.361639 0.986700 0.498321 0.366194
49 0.013300 -3.178454 -0.361639 0.986700 0.504284 0.177154
50 0.013300 -3.178454 -0.361639 0.986700 0.506407 0.105366
51 0.013300 -3.178454 -0.361639 0.986700 0.514461 0.102615
52 0.013300 -3.178454 -0.361639 0.986700 0.493094 0.068355
53 0.013300 -3.178454 -0.361639 0.986700 0.504243 0.178878
54 0.013300 -3.178454 -0.361639 0.986700 0.512827 0.147744
55 0.013300 -3.178454 -0.361639 0.986700 0.508794 0.120575
56 0.013300 -3.178454 -0.361639 0.986700 0.498688 0.251041
57 0.013300 -3.178454 -0.361639 0.986700 0.496349 0.056307
58 0.013300 -3.178454 -0.361639 0.986700 0.496365 0.120462
59 0.013300 -3.178454 -0.361639 0.986700 0.493048 0.056657
60 0.013300 -3.178454 -0.361639 0.986700 0.496270 0.318515
61 0.013300 -3.178454 -0.361639 0.986700 0.493340 0.162488
62 0.013300 -3.178454 -0.361639 0.986700 0.499051 0.101968
63 0.013300 -3.178454 -0.361639 0.986700 0.502478 0.328891
64 0.013300 -3.178454 -0.361639 0.986700 0.511262 0.371587
65 0.013300 -3.178454 -0.361639 0.986700 0.506568 0.263008
66 0.013300 -3.178454 -0.361639 0.986700 0.503627 0.271458
67 0.013300 -3.178454 -0.361639 0.986700 0.485335 0.078816
68 0.013300 -3.178454 -0.361639 0.986700 0.504000 0.157471
69 0.013164 -1.936370 -2.394141 0.986836 0.512828 0.126109
70 0.013164 -1.936370 -2.394141 0.986836 0.502814 0.021534
71 0.013164 -1.936370 -2.394141 0.986836 0.505367 0.330706
72 0.013164 -1.936370 -2.394141 0.986836 0.495052 0.161900
73 0.013164 -1.936370 -2.394141 0.986836 0.491747 0.023061
74 0.013164 -1.936370 -2.394141 0.986836 0.496301 0.348392
75 0.010403 -2.027924 2.360571 0.989597 0.507818 0.171390
76 0.010403 -2.027924 2.360571 0.989597 0.496352 0.213481
77 0.010403 -2.027924 2.360571 0.989597 0.495720 0.284581
78 0.010403 -2.027924 2.360571 0.989597 0.503014 0.104357
79 0.010403 -2.027924 2.360571 0.989597 0.505621 0.359785
80 0.010403 -2.027924 2.360571 0.989597 0.504654 0.253433
81 0.010403 -2.027924 2.360571 0.989597 0.491529 0.098923
82 0.010403 -2.027924 2.360571 0.989597 0.493635 0.370961
83 0.010403 -2.027924 2.360571 0.989597 0.493963 0.152662
84 0.010403 -2.027924 2.360571 0.989597 0.509138 0.254628
85 0.010403 -2.027924 2.360571 0.989597 0.499790 0.216802
86 0.010403 -2.027924 2.360571 0.989597 0.506789 0.248325
87 0.010403 -2.027924 2.360571 0.989597 0.513523 0.316886
88 0.010403 -2.027924 2.360571 0.989597 0.501325 0.354219
89 0.010403 -2.027924 2.360571 0.989597 0.497859 0.204613
90 0.010403 -2.027924 2.360571 0.989597 0.500910 0.210336
91 0.010403 -2.027924 2.360571 0.989597 0.504154 0.116191
92 0.010403 -2.027924 2.360571 0.989597 0.509823 0.373793
93 0.010403 -2.027924 2.360571 0.989597 0.506438 0.250879
94 0.010403 -2.027924 2.360571 0.989597 0.496842 0.270418
95 0.010403 -2.027924 2.360571 0.989597 0.507076 0.147104
96 0.010403 -2.027924 2.360571 0.989597 0.503500 0.339730
97 0.010403 -2.027924 2.360571 0.989597 0.496248 0.186347
98 0.010403 -2.027924 2.360571 0.989597 0.503818 0.287164
99 0.010403 -2.027924 2.360571 0.989597 0.498673 0.043904
100 0.010403 -2.027924 2.360571 0.989597 0.515423 0.347386
101 0.010403 -2.027924 2.360571 0.989597 0.503293 0.184810
102 0.010403 -2.027924 2.360571 0.989597 0.498425 0.289581
103 0.010403 -2.027924 2.360571 0.989597 0.506620 0.380244
104 0.010403 -2.027924 2.360571 0.989597 0.494988 0.260721
105 0.010403 -2.027924 2.360571 0.989597 0.505683 0.119567
106 0.010403 -2.027924 2.360571 0.989597 0.493660 0.023581
107 0.010403 -2.027924 2.360571 0.989597 0.480025 0.010066
108 0.010403 -2.027924 2.360571 0.989597 0.499226 0.316178
109 0.010403 -2.027924 2.360571 0.989597 0.500672 0.254322
110 0.010403 -2.027924 2.360571 0.989597 0.507693 0.170721
111 0.010403 -2.027924 2.360571 0.989597 0.502471 0.360068
112 0.010403 -2.027924 2.360571 0.989597 0.487847 0.207842
113 0.010403 -2.027924 2.360571 0.989597 0.502727 0.269677
114 0.010403 -2.027924 2.360571 0.989597 0.502473 0.023623
115 0.010403 -2.027924 2.360571 0.989597 0.497232 0.253116
116 0.010403 -2.027924 2.360571 0.989597 0.500803 0.250960
117 0.010403 -2.027924 2.360571 0.989597 0.506942 0.252559
118 0.010403 -2.027924 2.360571 0.989597 0.506334 0.329704
119 0.010403 -2.027924 2.360571 0.989597 0.503004 0.380795
120 0.010403 -2.027924 2.360571 0.989597 0.504027 0.128982
121 0.010403 -2.027924 2.360571 0.989597 0.506848 0.280359
122 0.010403 -2.027924 2.360571 0.989597 0.502977 0.316756
123 0.010403 -2.027924 2.360571 0.989597 0.494307 0.130226
124 0.010403 -2.027924 2.360571 0.989597 0.508911 0.073263
125 0.010403 -2.027924 2.360571 0.989597 0.506608 0.293170
126 0.010403 -2.027924 2.360571 0.989597 0.501494 0.322736
127 0.010403 -2.027924 2.360571 0.989597 0.509494 0.446390
128 0.010403 -2.027924 2.360571 0.989597 0.501277 0.178162
129 0.010403 -2.027924 2.360571 0.989597 0.498709 0.294346
130 0.010403 -2.027924 2.360571 0.989597 0.499585 0.185335
131 0.010403 -2.027924 2.360571 0.989597 0.495484 0.294917
132 0.010403 -2.027924 2.360571 0.989597 0.499662 0.167445
133 0.010403 -2.027924 2.360571 0.989597 0.505033 0.211716
134 0.010403 -2.027924 2.360571 0.989597 0.499769 0.056490
135 0.010403 -2.027924 2.360571 0.989597 0.507168 0.106329
136 0.010403 -2.027924 2.360571 0.989597 0.496257 0.273956
137 0.010403 -2.027924 2.360571 0.989597 0.501615 0.293596
138 0.010403 -2.027924 2.360571 0.989597 0.504963 0.216128
139 0.010403 -2.027924 2.360571 0.989597 0.501885 0.274413
140 0.010403 -2.027924 2.360571 0.989597 0.502588 0.220826
141 0.010403 -2.027924 2.360571 0.989597 0.494778 0.301773
142 0.010403 -2.027924 2.360571 0.989597 0.485648 0.111606
143 0.010403 -2.027924 2.360571 0.989597 0.513747 0.358778
144 0.010403 -2.027924 2.360571 0.989597 0.494989 0.248440
145 0.010403 -2.027924 2.360571 0.989597 0.495531 0.105275
146 0.010403 -2.027924 2.360571 0.989597 0.498015 0.329555
147 0.010403 -2.027924 2.360571 0.989597 0.503685 0.293202
148 0.010403 -2.027924 2.360571 0.989597 0.487094 0.231414
149 0.010403 -2.027924 2.360571 0.989597 0.498817 0.268149
150 0.010403 -2.027924 2.360571 0.989597 0.496383 0.115344
151 0.010403 -2.027924 2.360571 0.989597 0.493880 0.101970
152 0.010403 -2.027924 2.360571 0.989597 0.508087 0.320644
153 0.010403 -2.027924 2.360571 0.989597 0.497239 0.254097
154 0.010403 -2.027924 2.360571 0.989597 0.498930 0.244483
155 0.010403 -2.027924 2.360571 0.989597 0.508490 0.392441
156 0.010403 -2.027924 2.360571 0.989597 0.495053 0.059190
157 0.010403 -2.027924 2.360571 0.989597 0.501455 0.272813
158 0.010403 -2.027924 2.360571 0.989597 0.494210 0.195484
159 0.010403 -2.027924 2.360571 0.989597 0.486163 0.060852
160 0.010403 -2.027924 2.360571 0.989597 0.508361 0.309584
161 0.010403 -2.027924 2.360571 0.989597 0.514784 0.179670
162 0.010403 -2.027924 2.360571 0.989597 0.509528 0.360083
163 0.010403 -2.027924 2.360571 0.989597 0.490343 0.111315
164 0.010403 -2.027924 2.360571 0.989597 0.503247 0.302171
165 0.010403 -2.027924 2.360571 0.989597 0.505240 0.252026
166 0.010403 -2.027924 2.360571 0.989597 0.493599 0.156704
167 0.010403 -2.027924 2.360571 0.989597 0.505024 0.246707
168 0.010403 -2.027924 2.360571 0.989597 0.496023 0.115927
169 0.010403 -2.027924 2.360571 0.989597 0.504811 0.072533
170 0.010403 -2.027924 2.360571 0.989597 0.485830 0.078096
171 0.010403 -2.027924 2.360571 0.989597 0.503575 0.254345
172 0.010403 -2.027924 2.360571 0.989597 0.500434 0.065249
173 0.010403 -2.027924 2.360571 0.989597 0.497280 0.264986
174 0.010403 -2.027924 2.360571 0.989597 0.506276 0.214026
175 0.010403 -2.027924 2.360571 0.989597 0.493472 0.125094
176 0.010403 -2.027924 2.360571 0.989597 0.489403 0.203433
177 0.010403 -2.027924 2.360571 0.989597 0.489184 0.056666
178 0.010403 -2.027924 2.360571 0.989597 0.505018 0.264336
179 0.010403 -2.027924 2.360571 0.989597 0.493015 0.064154
180 0.010403 -2.027924 2.360571 0.989597 0.493865 0.218903
181 0.010403 -2.027924 2.360571 0.989597 0.508363 0.206042
182 0.010403 -2.027924 2.360571 0.989597 0.503638 0.124524
183 0.010403 -2.027924 2.360571 0.989597 0.501608 0.126093
184 0.010403 -2.027924 2.360571 0.989597 0.509423 0.337760
185 0.010403 -2.027924 2.360571 0.989597 0.505667 0.221299
186 0.010403 -2.027924 2.360571 0.989597 0.501555 0.337232
187 0.010403 -2.027924 2.360571 0.989597 0.501048 0.007129
188 0.010403 -2.027924 2.360571 0.989597 0.498531 0.293266
189 0.010403 -2.027924 2.360571 0.989597 0.506845 0.145556
190 0.010403 -2.027924 2.360571 0.989597 0.509479 0.343489
191 0.010403 -2.027924 2.360571 0.989597 0.499793 0.223163
192 0.010403 -2.027924 2.360571 0.989597 0.511984 0.211844
193 0.010403 -2.027924 2.360571 0.989597 0.506550 0.116981
194 0.010403 -2.027924 2.360571 0.989597 0.503735 0.307170
195 0.010403 -2.027924 2.360571 0.989597 0.496597 0.290586
196 0.010403 -2.027924 2.360571 0.989597 0.499221 0.243799
197 0.010403 -2.027924 2.360571 0.989597 0.509279 0.253610
198 0.010403 -2.027924 2.360571 0.989597 0.506658 0.358549
199 0.010403 -2.027924 2.360571 0.989597 0.498699 0.161172
200 0.010403 -2.027924 2.360571 0.989597 0.502116 0.124590
201 0.010403 -2.027924 2.360571 0.989597 0.503105 0.341801
202 0.010403 -2.027924 2.360571 0.989597 0.501177 0.303332
203 0.010403 -2.027924 2.360571 0.989597 0.497480 0.140334
204 0.010403 -2.027924 2.360571 0.989597 0.497253 0.255315
205 0.010403 -2.027924 2.360571 0.989597 0.500465 0.105729
206 0.010403 -2.027924 2.360571 0.989597 0.492289 0.183281
207 0.010403 -2.027924 2.360571 0.989597 0.506482 0.313017
208 0.010403 -2.027924 2.360571 0.989597 0.496853 0.056742
209 0.010403 -2.027924 2.360571 0.989597 0.478555 0.154088
210 0.010403 -2.027924 2.360571 0.989597 0.508551 0.174093
211 0.010403 -2.027924 2.360571 0.989597 0.502994 0.270817
212 0.010403 -2.027924 2.360571 0.989597 0.502182 0.262488
213 0.010403 -2.027924 2.360571 0.989597 0.502099 0.323421
214 0.010403 -2.027924 2.360571 0.989597 0.493551 0.112261
215 0.010403 -2.027924 2.360571 0.989597 0.501218 0.330853
216 0.010403 -2.027924 2.360571 0.989597 0.508283 0.337757
217 0.010403 -2.027924 2.360571 0.989597 0.508253 0.256721
218 0.010403 -2.027924 2.360571 0.989597 0.496018 0.119337
219 0.010403 -2.027924 2.360571 0.989597 0.499288 0.115355
220 0.010403 -2.027924 2.360571 0.989597 0.502391 0.215019
221 0.010403 -2.027924 2.360571 0.989597 0.516605 0.108022
222 0.010403 -2.027924 2.360571 0.989597 0.496597 0.261327
223 0.010403 -2.027924 2.360571 0.989597 0.501808 0.236358
224 0.010403 -2.027924 2.360571 0.989597 0.493686 0.203409
225 0.010403 -2.027924 2.360571 0.989597 0.513639 0.169590
226 0.010403 -2.027924 2.360571 0.989597 0.500780 0.060382
227 0.010403 -2.027924 2.360571 0.989597 0.513566 0.306088
228 0.010403 -2.027924 2.360571 0.989597 0.506668 0.293227
229 0.010403 -2.027924 2.360571 0.989597 0.501097 0.315065
230 0.010403 -2.027924 2.360571 0.989597 0.499736 0.131960
231 0.010403 -2.027924 2.360571 0.989597 0.504832 0.234674
232 0.010403 -2.027924 2.360571 0.989597 0.500998 0.204613
233 0.010403 -2.027924 2.360571 0.989597 0.501355 0.281482
234 0.010403 -2.027924 2.360571 0.989597 0.503308 0.309260
235 0.010403 -2.027924 2.360571 0.989597 0.486965 0.018410
236 0.010403 -2.027924 2.360571 0.989597 0.519107 0.295250
237 0.010403 -2.027924 2.360571 0.989597 0.501375 0.057466
238 0.010403 -2.027924 2.360571 0.989597 0.497139 0.360597
239 0.010403 -2.027924 2.360571 0.989597 0.500560 0.154810
240 0.010403 -2.027924 2.360571 0.989597 0.494247 0.200357
241 0.010403 -2.027924 2.360571 0.989597 0.503031 0.286968
242 0.010403 -2.027924 2.360571 0.989597 0.502550 0.311026
243 0.010403 -2.027924 2.360571 0.989597 0.495654 0.205419
244 0.010403 -2.027924 2.360571 0.989597 0.490767 0.098280
245 0.010403 -2.027924 2.360571 0.989597 0.490042 0.069802
246 0.010403 -2.027924 2.360571 0.989597 0.497416 0.108201
247 0.010403 -2.027924 2.360571 0.989597 0.496728 0.028598
248 0.010403 -2.027924 2.360571 0.989597 0.505230 0.197827
249 0.010403 -2.027924 2.360571 0.989597 0.505294 0.218857
250 0.010403 -2.027924 2.360571 0.989597 0.506246 0.127915
251 0.010403 -2.027924 2.360571 0.989597 0.494992 0.232831
252 0.010403 -2.027924 2.360571 0.989597 0.502222 0.385351
253 0.010403 -2.027924 2.360571 0.989597 0.499498 0.293693
254 0.010403 -2.027924 2.360571 0.989597 0.491277 0.340865
255 0.010403 -2.027924 2.360571 0.989597 0.495687 0.302158
256 0.010403 -2.027924 2.360571 0.989597 0.492352 0.204371
257 0.010403 -2.027924 2.360571 0.989597 0.502899 0.378120
258 0.010403 -2.027924 2.360571 0.989597 0.508921 0.259577
259 0.010403 -2.027924 2.360571 0.989597 0.508938 0.336366
260 0.010403 -2.027924 2.360571 0.989597 0.505263 0.214412
261 0.010403 -2.027924 2.360571 0.989597 0.501196 0.150912
262 0.010403 -2.027924 2.360571 0.989597 0.488008 0.111630
263 0.010403 -2.027924 2.360571 0.989597 0.502202 0.344156
264 0.010403 -2.027924 2.360571 0.989597 0.500489 0.261322
265 0.010403 -2.027924 2.360571 0.989597 0.496927 0.216956
266 0.010403 -2.027924 2.360571 0.989597 0.494296 0.103066
267 0.010403 -2.027924 2.360571 0.989597 0.499977 0.331073
268 0.010403 -2.027924 2.360571 0.989597 0.495092 0.153896
269 0.010403 -2.027924 2.360571 0.989597 0.495757 0.065067
270 0.010403 -2.027924 2.360571 0.989597 0.504509 0.219583
271 0.010403 -2.027924 2.360571 0.989597 0.504707 0.317631
272 0.010403 -2.027924 2.360571 0.989597 0.496351 0.206631
273 0.010403 -2.027924 2.360571 0.989597 0.504901 0.245164
274 0.010403 -2.027924 2.360571 0.989597 0.502557 0.358293
275 0.010403 -2.027924 2.360571 0.989597 0.512549 0.250903
276 0.010403 -2.027924 2.360571 0.989597 0.503187 0.153082
277 0.010403 -2.027924 2.360571 0.989597 0.502995 0.336140
278 0.010403 -2.027924 2.360571 0.989597 0.501318 0.256593
279 0.010403 -2.027924 2.360571 0.989597 0.497932 0.223281
280 0.010403 -2.027924 2.360571 0.989597 0.506136 0.231199
281 0.010403 -2.027924 2.360571 0.989597 0.483072 0.104259
282 0.010403 -2.027924 2.360571 0.989597 0.500084 0.233950
283 0.010403 -2.027924 2.360571 0.989597 0.497019 0.169954
284 0.010403 -2.027924 2.360571 0.989597 0.497945 0.362256
285 0.010403 -2.027924 2.360571 0.989597 0.492185 0.205276
286 0.010403 -2.027924 2.360571 0.989597 0.495121 0.195277
287 0.010403 -2.027924 2.360571 0.989597 0.500844 0.107861
288 0.010403 -2.027924 2.360571 0.989597 0.513789 0.438641
289 0.010403 -2.027924 2.360571 0.989597 0.493480 0.169049
290 0.010403 -2.027924 2.360571 0.989597 0.496557 0.134443
291 0.010403 -2.027924 2.360571 0.989597 0.499800 0.250956
292 0.010403 -2.027924 2.360571 0.989597 0.500553 0.021611
293 0.010403 -2.027924 2.360571 0.989597 0.496528 0.259693
294 0.010403 -2.027924 2.360571 0.989597 0.506936 0.360848
295 0.010403 -2.027924 2.360571 0.989597 0.498679 0.167233
296 0.010403 -2.027924 2.360571 0.989597 0.512289 0.346650
297 0.010403 -2.027924 2.360571 0.989597 0.492577 0.025152
298 0.010403 -2.027924 2.360571 0.989597 0.500621 0.136185
299 0.010403 -2.027924 2.360571 0.989597 0.500139 0.268646
300 0.010403 -2.027924 2.360571 0.989597 0.504410 0.212985
301 0.010403 -2.027924 2.360571 0.989597 0.499097 0.066966
302 0.010403 -2.027924 2.360571 0.989597 0.501175 0.263899
303 0.010403 -2.027924 2.360571 0.989597 0.502119 0.212014
304 0.010403 -2.027924 2.360571 0.989597 0.503995 0.156270
305 0.010403 -2.027924 2.360571 0.989597 0.489035 0.232356
306 0.010403 -2.027924 2.360571 0.989597 0.502198 0.184818
307 0.010403 -2.027924 2.360571 0.989597 0.506851 0.230444
308 0.010403 -2.027924 2.360571 0.989597 0.498576 0.102138
309 0.010403 -2.027924 2.360571 0.989597 0.500170 0.152645
310 0.010403 -2.027924 2.360571 0.989597 0.502746 0.097351
311 0.010403 -2.027924 2.360571 0.989597 0.499737 0.328253
312 0.010403 -2.027924 2.360571 0.989597 0.508949 0.170979
313 0.010403 -2.027924 2.360571 0.989597 0.504468 0.131791
314 0.010403 -2.027924 2.360571 0.989597 0.510981 0.315333
315 0.010403 -2.027924 2.360571 0.989597 0.494867 0.299800
316 0.010403 -2.027924 2.360571 0.989597 0.508864 0.224570
317 0.010403 -2.027924 2.360571 0.989597 0.507003 0.303406
318 0.010403 -2.027924 2.360571 0.989597 0.494255 0.165833
319 0.010403 -2.027924 2.360571 0.989597 0.508358 0.254214
320 0.010403 -2.027924 2.360571 0.989597 0.504356 0.208243
321 0.010403 -2.027924 2.360571 0.989597 0.503871 0.351127
322 0.010403 -2.027924 2.360571 0.989597 0.501785 0.219261
323 0.010403 -2.027924 2.360571 0.989597 0.496642 0.157428
324 0.010403 -2.027924 2.360571 0.989597 0.491569 0.091463
325 0.010403 -2.027924 2.360571 0.989597 0.501224 0.201450
326 0.010403 -2.027924 2.360571 0.989597 0.503324 0.288797
327 0.010403 -2.027924 2.360571 0.989597 0.498232 0.272265
328 0.010403 -2.027924 2.360571 0.989597 0.505423 0.406228
329 0.010403 -2.027924 2.360571 0.989597 0.499223 0.280415
330 0.010403 -2.027924 2.360571 0.989597 0.487374 0.210108
331 0.010403 -2.027924 2.360571 0.989597 0.495300 0.109344
332 0.010403 -2.027924 2.360571 0.989597 0.492950 0.103017
333 0.010403 -2.027924 2.360571 0.989597 0.498320 0.207498
334 0.010403 -2.027924 2.360571 0.989597 0.499361 0.239204
335 0.010403 -2.027924 2.360571 0.989597 0.506020 0.235185
336 0.010403 -2.027924 2.360571 0.989597 0.495643 0.162672
337 0.010403 -2.027924 2.360571 0.989597 0.497729 0.243980
338 0.010403 -2.027924 2.360571 0.989597 0.506671 0.385418
339 0.010403 -2.027924 2.360571 0.989597 0.497815 0.406309
340 0.010403 -2.027924 2.360571 0.989597 0.491073 0.128609
341 0.010403 -2.027924 2.360571 0.989597 0.496961 0.217584
342 0.010403 -2.027924 2.360571 0.989597 0.502616 0.021550
343 0.010403 -2.027924 2.360571 0.989597 0.509824 0.391729
344 0.010403 -2.027924 2.360571 0.989597 0.505640 0.351276
345 0.010403 -2.027924 2.360571 0.989597 0.495452 0.269557
346 0.010403 -2.027924 2.360571 0.989597 0.487970 0.096329
347 0.010403 -2.027924 2.360571 0.989597 0.509578 0.314698
348 0.010403 -2.027924 2.360571 0.989597 0.501217 0.411208
349 0.010403 -2.027924 2.360571 0.989597 0.508304 0.102157
350 0.010403 -2.027924 2.360571 0.989597 0.510350 0.377343
351 0.010403 -2.027924 2.360571 0.989597 0.504433 0.308167
352 0.010403 -2.027924 2.360571 0.989597 0.505217 0.129189
353 0.010403 -2.027924 2.360571 0.989597 0.500187 0.257414
354 0.010403 -2.027924 2.360571 0.989597 0.498887 0.160344
355 0.010403 -2.027924 2.360571 0.989597 0.493586 0.090181
356 0.010403 -2.027924 2.360571 0.989597 0.497502 0.203496
357 0.010403 -2.027924 2.360571 0.989597 0.505651 0.205844
358 0.010403 -2.027924 2.360571 0.989597 0.494964 0.026933
359 0.010403 -2.027924 2.360571 0.989597 0.496583 0.219638
360 0.010403 -2.027924 2.360571 0.989597 0.504762 0.342617
361 0.010403 -2.027924 2.360571 0.989597 0.507297 0.223955
362 0.010403 -2.027924 2.360571 0.989597 0.487946 0.203846
363 0.010403 -2.027924 2.360571 0.989597 0.500393 0.206492
364 0.010403 -2.027924 2.360571 0.989597 0.496293 0.301716
365 0.010403 -2.027924 2.360571 0.989597 0.501768 0.215819
366 0.010403 -2.027924 2.360571 0.989597 0.495849 0.156952
367 0.010403 -2.027924 2.360571 0.989597 0.507478 0.292440
368 0.010403 -2.027924 2.360571 0.989597 0.491160 0.276876
369 0.010403 -2.027924 2.360571 0.989597 0.495031 0.337695
370 0.010403 -2.027924 2.360571 0.989597 0.504517 0.154403
371 0.010403 -2.027924 2.360571 0.989597 0.496143 0.174228
372 0.010403 -2.027924 2.360571 0.989597 0.500009 0.282015
373 0.010403 -2.027924 2.360571 0.989597 0.502672 0.159327
374 0.010403 -2.027924 2.360571 0.989597 0.494352 0.186018
375 0.010403 -2.027924 2.360571 0.989597 0.498023 0.124697
376 0.010403 -2.027924 2.360571 0.989597 0.505193 0.152726
377 0.010403 -2.027924 2.360571 0.989597 0.501716 0.385433
378 0.010403 -2.027924 2.360571 0.989597 0.495610 0.005826
379 0.010403 -2.027924 2.360571 0.989597 0.503179 0.106766
380 0.010403 -2.027924 2.360571 0.989597 0.491475 0.152664
381 0.010403 -2.027924 2.360571 0.989597 0.498087 0.295274
382 0.010403 -2.027924 2.360571 0.989597 0.492024 0.072463
383 0.010403 -2.027924 2.360571 0.989597 0.498243 0.170813
384 0.010403 -2.027924 2.360571 0.989597 0.511108 0.252302
385 0.010403 -2.027924 2.360571 0.989597 0.504484 0.299731
386 0.010403 -2.027924 2.360571 0.989597 0.484477 0.042389
387 0.010403 -2.027924 2.360571 0.989597 0.501568 0.107405
388 0.010403 -2.027924 2.360571 0.989597 0.506749 0.412412
389 0.010403 -2.027924 2.360571 0.989597 0.505533 0.205205
390 0.010403 -2.027924 2.360571 0.989597 0.493724 0.129935
391 0.010403 -2.027924 2.360571 0.989597 0.497992 0.166190
392 0.010403 -2.027924 2.360571 0.989597 0.498572 0.056743
393 0.009925 2.723735 1.588464 0.990075 0.499282 0.230467
394 0.009925 2.723735 1.588464 0.990075 0.506991 0.360563
395 0.009925 2.723735 1.588464 0.990075 0.495875 0.214324
396 0.009925 2.723735 1.588464 0.990075 0.503179 0.341808
397 0.009925 2.723735 1.588464 0.990075 0.509862 0.318736
398 0.009925 2.723735 1.588464 0.990075 0.502888 0.156989
399 0.009925 2.723735 1.588464 0.990075 0.505851 0.128072
400 0.009925 2.723735 1.588464 0.990075 0.501500 0.215139
401 0.009925 2.723735 1.588464 0.990075 0.499021 0.354228
402 0.009925 2.723735 1.588464 0.990075 0.504810 0.217880
403 0.009925 2.723735 1.588464 0.990075 0.498265 0.153619
404 0.009925 2.723735 1.588464 0.990075 0.508312 0.331144
405 0.009925 2.723735 1.588464 0.990075 0.501305 0.329693
406 0.009925 2.723735 1.588464 0.990075 0.513298 0.437806
407 0.009925 2.723735 1.588464 0.990075 0.505337 0.321486
408 0.009925 2.723735 1.588464 0.990075 0.490275 0.103902
409 0.009925 2.723735 1.588464 0.990075 0.501495 0.300558
410 0.009925 2.723735 1.588464 0.990075 0.506262 0.227251
411 0.009925 2.723735 1.588464 0.990075 0.491316 0.215947
412 0.009925 2.723735 1.588464 0.990075 0.505280 0.202675
413 0.009925 2.723735 1.588464 0.990075 0.506009 0.384682
414 0.009925 2.723735 1.588464 0.990075 0.492835 0.161800
415 0.009925 2.723735 1.588464 0.990075 0.492662 0.103047
416 0.009925 2.723735 1.588464 0.990075 0.505462 0.333103
417 0.009925 2.723735 1.588464 0.990075 0.495357 0.118022
418 0.009925 2.723735 1.588464 0.990075 0.508967 0.367397
419 0.009925 2.723735 1.588464 0.990075 0.498960 0.293018
420 0.009925 2.723735 1.588464 0.990075 0.502787 0.155771
421 0.009925 2.723735 1.588464 0.990075 0.503767 0.250913
422 0.009925 2.723735 1.588464 0.990075 0.477291 0.111321
423 0.009925 2.723735 1.588464 0.990075 0.500283 0.107583
424 0.009925 2.723735 1.588464 0.990075 0.504870 0.325602
425 0.009925 2.723735 1.588464 0.990075 0.509295 0.337574
426 0.009925 2.723735 1.588464 0.990075 0.494461 0.189585
427 0.009925 2.723735 1.588464 0.990075 0.495322 0.157653
428 0.009925 2.723735 1.588464 0.990075 0.502533 0.377380
429 0.009925 2.723735 1.588464 0.990075 0.492490 0.065139
430 0.009925 2.723735 1.588464 0.990075 0.488961 0.113097
431 0.009925 2.723735 1.588464 0.990075 0.491828 0.076607
432 0.009925 2.723735 1.588464 0.990075 0.509590 0.300793
433 0.009925 2.723735 1.588464 0.990075 0.498582 0.382101
434 0.009925 2.723735 1.588464 0.990075 0.497605 0.143283
435 0.009925 2.723735 1.588464 0.990075 0.502014 0.253518
436 0.009925 2.723735 1.588464 0.990075 0.502426 0.386235
437 0.009925 2.723735 1.588464 0.990075 0.498657 0.137458
438 0.009925 2.723735 1.588464 0.990075 0.500016 0.299550
439 0.009925 2.723735 1.588464 0.990075 0.513132 0.106882
440 0.009925 2.723735 1.588464 0.990075 0.493875 0.295023
441 0.009925 2.723735 1.588464 0.990075 0.512055 0.399467
442 0.009925 2.723735 1.588464 0.990075 0.512600 0.356712
443 0.009925 2.723735 1.588464 0.990075 0.497730 0.058529
444 0.009925 2.723735 1.588464 0.990075 0.502858 0.275872
445 0.009925 2.723735 1.588464 0.990075 0.501128 0.065830
446 0.009925 2.723735 1.588464 0.990075 0.492588 0.236089
447 0.009925 2.723735 1.588464 0.990075 0.503625 0.405759
448 0.009925 2.723735 1.588464 0.990075 0.501108 0.258980
449 0.009925 2.723735 1.588464 0.990075 0.499372 0.161971
450 0.009925 2.723735 1.588464 0.990075 0.498916 0.152731
451 0.009925 2.723735 1.588464 0.990075 0.505088 0.243351
452 0.009925 2.723735 1.588464 0.990075 0.498413 0.262191
453 0.009866 -2.964828 -1.066606 0.990134 0.506063 0.017669
454 0.009866 -2.964828 -1.066606 0.990134 0.499436 0.209308
455 0.009866 -2.964828 -1.066606 0.990134 0.500720 0.412786
456 0.009866 -2.964828 -1.066606 0.990134 0.503821 0.174961
457 0.009866 -2.964828 -1.066606 0.990134 0.515752 0.371485
458 0.009866 -2.964828 -1.066606 0.990134 0.496617 0.040815
459 0.009866 -2.964828 -1.066606 0.990134 0.509406 0.353920
460 0.009866 -2.964828 -1.066606 0.990134 0.491005 0.206935
461 0.009866 -2.964828 -1.066606 0.990134 0.503722 0.140117
462 0.009866 -2.964828 -1.066606 0.990134 0.501170 0.317284
463 0.009866 -2.964828 -1.066606 0.990134 0.501919 0.301176
464 0.009866 -2.964828 -1.066606 0.990134 0.499399 0.204044
465 0.009866 -2.964828 -1.066606 0.990134 0.501041 0.250938
466 0.009866 -2.964828 -1.066606 0.990134 0.489924 0.079623
467 0.009866 -2.964828 -1.066606 0.990134 0.493951 0.185333
468 0.009866 -2.964828 -1.066606 0.990134 0.501402 0.108012
469 0.009866 -2.964828 -1.066606 0.990134 0.494664 0.220515
470 0.009866 -2.964828 -1.066606 0.990134 0.502523 0.435558
471 0.009866 -2.964828 -1.066606 0.990134 0.498412 0.221272
472 0.009866 -2.964828 -1.066606 0.990134 0.504315 0.280703
473 0.009866 -2.964828 -1.066606 0.990134 0.494532 0.204840
474 0.009866 -2.964828 -1.066606 0.990134 0.503402 0.385646
475 0.009866 -2.964828 -1.066606 0.990134 0.493781 0.026910
476 0.009866 -2.964828 -1.066606 0.990134 0.495267 0.218742
477 0.009866 -2.964828 -1.066606 0.990134 0.500332 0.263139
478 0.009866 -2.964828 -1.066606 0.990134 0.499053 0.033249
479 0.009866 -2.964828 -1.066606 0.990134 0.493110 0.024943
480 0.009866 -2.964828 -1.066606 0.990134 0.499690 0.127896
481 0.009866 -2.964828 -1.066606 0.990134 0.502946 0.294216
482 0.009866 -2.964828 -1.066606 0.990134 0.513547 0.386437
483 0.009866 -2.964828 -1.066606 0.990134 0.491364 0.103508
484 0.009866 -2.964828 -1.066606 0.990134 0.494304 0.198124
485 0.009866 -2.964828 -1.066606 0.990134 0.509669 0.290404
486 0.009866 -2.964828 -1.066606 0.990134 0.499154 0.026008
487 0.009866 -2.964828 -1.066606 0.990134 0.504017 0.414434
488 0.009866 -2.964828 -1.066606 0.990134 0.505850 0.180986
489 0.009866 -2.964828 -1.066606 0.990134 0.494558 0.077731
490 0.009866 -2.964828 -1.066606 0.990134 0.497853 0.218590
491 0.009866 -2.964828 -1.066606 0.990134 0.504640 0.286305
492 0.009866 -2.964828 -1.066606 0.990134 0.504163 0.395189
493 0.009866 -2.964828 -1.066606 0.990134 0.505498 0.405884
494 0.009866 -2.964828 -1.066606 0.990134 0.504500 0.226956
495 0.009866 -2.964828 -1.066606 0.990134 0.508287 0.313420
496 0.009866 -2.964828 -1.066606 0.990134 0.501744 0.203311
497 0.009866 -2.964828 -1.066606 0.990134 0.495970 0.153002
498 0.009866 -2.964828 -1.066606 0.990134 0.505406 0.347306
499 0.009866 -2.964828 -1.066606 0.990134 0.494143 0.161964
