Lp  F6        x1       x2        Ocena     Średni    Najgorszy
0 0.056381 -6.150912 -1.844816 0.943619 0.497183 0.056401
1 0.044908 -6.099031 -1.832609 0.955092 0.517228 0.023338
2 0.022873 -2.540627 -1.637293 0.977127 0.520356 0.075014
3 0.009739 -2.540627 -1.850919 0.990261 0.517774 0.070110
4 0.009739 -2.540627 -1.850919 0.990261 0.544327 0.103952
5 0.009739 -2.540627 -1.850919 0.990261 0.552787 0.237717
6 0.009717 -2.589456 -1.771572 0.990283 0.571333 0.079325
7 0.009717 -2.589456 -1.771572 0.990283 0.521903 0.055868
8 0.009717 -2.589456 -1.771572 0.990283 0.525683 0.057061
9 0.009717 -2.589456 -1.771572 0.990283 0.526885 0.174845
10 0.009717 -2.589456 -1.771572 0.990283 0.498174 0.060848
11 0.009717 -2.589456 -1.771572 0.990283 0.554711 0.063645
12 0.009717 -2.589456 -1.771572 0.990283 0.522191 0.043902
13 0.009717 -2.589456 -1.771572 0.990283 0.521161 0.119146
14 0.009717 -2.589456 -1.771572 0.990283 0.542004 0.104880
15 0.009717 -2.589456 -1.771572 0.990283 0.512297 0.082109
16 0.009717 -2.589456 -1.771572 0.990283 0.532226 0.114703
17 0.009717 -2.589456 -1.771572 0.990283 0.519989 0.067038
18 0.009717 -2.589456 -1.771572 0.990283 0.477936 0.067831
19 0.009717 -2.589456 -1.771572 0.990283 0.548008 0.179751
20 0.009717 -2.589456 -1.771572 0.990283 0.537065 0.061945
21 0.009717 -2.589456 -1.771572 0.990283 0.531765 0.025604
22 0.009717 -2.589456 -1.771572 0.990283 0.534052 0.147842
23 0.009717 -2.589456 -1.771572 0.990283 0.540937 0.129588
24 0.009717 -2.589456 -1.771572 0.990283 0.520458 0.069092
25 0.009717 -2.589456 -1.771572 0.990283 0.517335 0.079296
26 0.009717 -2.589456 -1.771572 0.990283 0.511909 0.063554
27 0.009717 -2.589456 -1.771572 0.990283 0.525048 0.056886
28 0.009717 -2.589456 -1.771572 0.990283 0.530194 0.121383
29 0.009717 -2.589456 -1.771572 0.990283 0.474941 0.046302
30 0.009717 -2.589456 -1.771572 0.990283 0.496740 0.022757
31 0.009717 -2.589456 -1.771572 0.990283 0.497109 0.057986
32 0.009717 -2.589456 -1.771572 0.990283 0.490985 0.036969
33 0.009717 -2.589456 -1.771572 0.990283 0.522084 0.032315
34 0.009717 -2.589456 -1.771572 0.990283 0.531281 0.163561
35 0.009717 -2.589456 -1.771572 0.990283 0.521408 0.021470
36 0.009717 -2.589456 -1.771572 0.990283 0.506484 0.126115
37 0.009717 -2.589456 -1.771572 0.990283 0.505180 0.024031
38 0.009717 -2.589456 -1.771572 0.990283 0.505177 0.026704
39 0.009717 -2.589456 -1.771572 0.990283 0.506366 0.104133
40 0.009717 -2.589456 -1.771572 0.990283 0.530480 0.025707
41 0.009717 -2.589456 -1.771572 0.990283 0.475883 0.024160
42 0.009717 -2.589456 -1.771572 0.990283 0.524721 0.091634
43 0.009717 -2.589456 -1.771572 0.990283 0.504711 0.110766
44 0.009717 -2.589456 -1.771572 0.990283 0.524554 0.058487
45 0.009717 -2.589456 -1.771572 0.990283 0.516575 0.086072
46 0.009717 -2.589456 -1.771572 0.990283 0.518400 0.129551
47 0.009717 -2.589456 -1.771572 0.990283 0.520397 0.109567
48 0.009717 -2.589456 -1.771572 0.990283 0.523172 0.127502
49 0.009717 -2.589456 -1.771572 0.990283 0.527186 0.061593
50 0.009717 -2.589456 -1.771572 0.990283 0.508993 0.023244
51 0.009717 -2.589456 -1.771572 0.990283 0.542277 0.042337
52 0.009717 -2.589456 -1.771572 0.990283 0.537948 0.056741
53 0.009717 -2.589456 -1.771572 0.990283 0.515444 0.063690
54 0.009717 -2.589456 -1.771572 0.990283 0.487396 0.043069
55 0.009717 -2.589456 -1.771572 0.990283 0.516189 0.011185
56 0.009717 -2.589456 -1.771572 0.990283 0.498589 0.037237
57 0.009717 -2.589456 -1.771572 0.990283 0.507524 0.011857
58 0.009717 -2.589456 -1.771572 0.990283 0.505248 0.046752
59 0.009717 -2.589456 -1.771572 0.990283 0.545977 0.021581
60 0.009717 -2.589456 -1.771572 0.990283 0.490243 0.021491
61 0.009717 -2.589456 -1.771572 0.990283 0.515328 0.063794
62 0.009717 -2.589456 -1.771572 0.990283 0.495604 0.099231
63 0.009717 -2.589456 -1.771572 0.990283 0.496446 0.025505
64 0.009717 -2.589456 -1.771572 0.990283 0.529400 0.025243
65 0.009717 -2.589456 -1.771572 0.990283 0.520869 0.056829
66 0.009717 -2.589456 -1.771572 0.990283 0.522028 0.004966
67 0.009717 -2.589456 -1.771572 0.990283 0.529706 0.280228
68 0.009717 -2.589456 -1.771572 0.990283 0.516622 0.037917
69 0.009717 -2.589456 -1.771572 0.990283 0.523643 0.026089
70 0.009717 -2.589456 -1.771572 0.990283 0.515846 0.007538
71 0.009716 -3.010605 -0.886549 0.990284 0.503046 0.012492
72 0.009716 -3.010605 -0.886549 0.990284 0.509687 0.003570
73 0.009716 -3.010605 -0.886549 0.990284 0.516476 0.152679
74 0.009716 -3.010605 -0.886549 0.990284 0.496912 0.022736
75 0.009716 -3.010605 -0.886549 0.990284 0.520920 0.056834
76 0.009716 -3.010605 -0.886549 0.990284 0.513566 0.002464
77 0.009716 -3.010605 -0.886549 0.990284 0.510759 0.061136
78 0.009716 -3.010605 -0.886549 0.990284 0.512478 0.033020
79 0.009716 -3.010605 -0.886549 0.990284 0.523154 0.002889
80 0.009716 -3.010605 -0.886549 0.990284 0.539473 0.085158
81 0.009716 -3.010605 -0.886549 0.990284 0.514115 0.008240
82 0.009716 -3.010605 -0.886549 0.990284 0.500382 0.016841
83 0.009716 -3.010605 -0.886549 0.990284 0.504515 0.056365
84 0.009716 -3.010605 -0.886549 0.990284 0.512756 0.007975
85 0.009716 -3.010605 -0.886549 0.990284 0.496428 0.010589
86 0.009716 -3.010605 -0.886549 0.990284 0.527147 0.006015
87 0.009716 -3.010605 -0.886549 0.990284 0.530164 0.025304
88 0.009716 -3.010605 -0.886549 0.990284 0.482157 0.022047
89 0.009716 -3.010605 -0.886549 0.990284 0.522556 0.047980
90 0.009716 -3.010605 -0.886549 0.990284 0.515206 0.057246
91 0.009716 -3.010605 -0.886549 0.990284 0.500599 0.021470
92 0.009716 -3.010605 -0.886549 0.990284 0.511585 0.002510
93 0.009716 -3.010605 -0.886549 0.990284 0.520720 0.022423
94 0.009716 -3.010605 -0.886549 0.990284 0.530816 0.027406
95 0.009716 -3.010605 -0.886549 0.990284 0.515782 0.065190
96 0.009716 -3.010605 -0.886549 0.990284 0.518570 0.043446
97 0.009716 -3.010605 -0.886549 0.990284 0.539534 0.022823
98 0.009716 -3.010605 -0.886549 0.990284 0.514048 0.002770
99 0.009716 -3.010605 -0.886549 0.990284 0.500178 0.004704
100 0.009716 -3.010605 -0.886549 0.990284 0.517181 0.029027
101 0.009716 -3.010605 -0.886549 0.990284 0.480122 0.002500
102 0.009716 -3.010605 -0.886549 0.990284 0.536475 0.005408
103 0.009716 -3.010605 -0.886549 0.990284 0.542608 0.066289
104 0.009716 -3.010605 -0.886549 0.990284 0.532985 0.068450
105 0.009716 -3.010605 -0.886549 0.990284 0.539851 0.026265
106 0.009716 -3.010605 -0.886549 0.990284 0.501168 0.047544
107 0.009716 -3.010605 -0.886549 0.990284 0.511663 0.072834
108 0.009716 -3.010605 -0.886549 0.990284 0.522063 0.025450
109 0.009716 -3.010605 -0.886549 0.990284 0.529158 0.034711
110 0.009716 -3.010605 -0.886549 0.990284 0.525829 0.021840
111 0.009716 -3.010605 -0.886549 0.990284 0.494315 0.028714
112 0.009716 -3.010605 -0.886549 0.990284 0.496537 0.033223
113 0.009716 -3.010605 -0.886549 0.990284 0.512038 0.031664
114 0.009716 -3.010605 -0.886549 0.990284 0.497869 0.021505
115 0.009716 -3.010605 -0.886549 0.990284 0.498633 0.025608
116 0.009716 -3.010605 -0.886549 0.990284 0.503115 0.010674
117 0.009716 -3.010605 -0.886549 0.990284 0.495322 0.057662
118 0.009716 -3.010605 -0.886549 0.990284 0.511952 0.021491
119 0.009716 -3.010605 -0.886549 0.990284 0.518824 0.005788
120 0.009716 -3.010605 -0.886549 0.990284 0.517450 0.061001
121 0.009716 -3.010605 -0.886549 0.990284 0.497475 0.003219
122 0.009716 -3.010605 -0.886549 0.990284 0.515579 0.002796
123 0.009716 -3.010605 -0.886549 0.990284 0.548023 0.047897
124 0.009716 -3.010605 -0.886549 0.990284 0.522154 0.022695
125 0.009716 -3.010605 -0.886549 0.990284 0.543329 0.042906
126 0.009716 -3.010605 -0.886549 0.990284 0.558988 0.106430
127 0.009716 -3.010605 -0.886549 0.990284 0.521185 0.131768
128 0.009716 -3.010605 -0.886549 0.990284 0.554712 0.227367
129 0.009716 -3.010605 -0.886549 0.990284 0.530034 0.102008
130 0.009716 -3.010605 -0.886549 0.990284 0.538081 0.028182
131 0.009716 -3.010605 -0.886549 0.990284 0.548420 0.030371
132 0.009716 -3.010605 -0.886549 0.990284 0.552026 0.030262
133 0.009716 -3.010605 -0.886549 0.990284 0.522468 0.033576
134 0.009716 -3.010605 -0.886549 0.990284 0.524774 0.033889
135 0.009716 -3.010605 -0.886549 0.990284 0.537693 0.084632
136 0.009716 -3.010605 -0.886549 0.990284 0.533159 0.167254
137 0.009716 -3.010605 -0.886549 0.990284 0.503090 0.022442
138 0.009716 -3.010605 -0.886549 0.990284 0.544307 0.053343
139 0.009716 -3.010605 -0.886549 0.990284 0.544569 0.189590
140 0.009716 -3.010605 -0.886549 0.990284 0.539093 0.055575
141 0.009716 -3.010605 -0.886549 0.990284 0.514434 0.058302
142 0.009716 -3.010605 -0.886549 0.990284 0.518266 0.102243
143 0.009716 -3.010605 -0.886549 0.990284 0.532663 0.058008
144 0.009716 -3.010605 -0.886549 0.990284 0.502253 0.058664
145 0.009716 -3.010605 -0.886549 0.990284 0.510912 0.024019
146 0.009716 -3.010605 -0.886549 0.990284 0.547348 0.057717
147 0.009716 -3.010605 -0.886549 0.990284 0.510210 0.067727
148 0.009716 -3.010605 -0.886549 0.990284 0.502774 0.064522
149 0.009716 -3.010605 -0.886549 0.990284 0.521473 0.103200
150 0.009716 -3.010605 -0.886549 0.990284 0.511326 0.045405
151 0.009716 -3.010605 -0.886549 0.990284 0.523666 0.003225
152 0.009716 -3.010605 -0.886549 0.990284 0.522180 0.025788
153 0.009716 -3.010605 -0.886549 0.990284 0.511594 0.018012
154 0.009716 -3.010605 -0.886549 0.990284 0.515124 0.032949
155 0.009716 -3.010605 -0.886549 0.990284 0.503004 0.021684
156 0.009716 -3.010605 -0.886549 0.990284 0.526340 0.117528
157 0.009716 -3.010605 -0.886549 0.990284 0.503863 0.009300
158 0.009716 -3.010605 -0.886549 0.990284 0.517190 0.025736
159 0.009716 -3.010605 -0.886549 0.990284 0.520271 0.056535
160 0.009716 -3.010605 -0.886549 0.990284 0.536520 0.005722
161 0.009716 -3.010605 -0.886549 0.990284 0.533111 0.031478
162 0.009716 -3.010605 -0.886549 0.990284 0.512671 0.062089
163 0.009716 -3.010605 -0.886549 0.990284 0.563972 0.194313
164 0.009716 -3.010605 -0.886549 0.990284 0.521477 0.025927
165 0.009716 -3.010605 -0.886549 0.990284 0.511283 0.005155
166 0.009716 -3.010605 -0.886549 0.990284 0.502867 0.002605
167 0.009716 -3.010605 -0.886549 0.990284 0.499885 0.085227
168 0.009716 -3.010605 -0.886549 0.990284 0.512078 0.021754
169 0.009716 -3.010605 -0.886549 0.990284 0.498407 0.021509
170 0.009716 -3.010605 -0.886549 0.990284 0.514559 0.056590
171 0.009716 -3.010605 -0.886549 0.990284 0.512655 0.021914
172 0.009716 -3.010605 -0.886549 0.990284 0.532997 0.061684
173 0.009716 -3.010605 -0.886549 0.990284 0.527558 0.056506
174 0.009716 -3.010605 -0.886549 0.990284 0.494145 0.042453
175 0.009716 -3.010605 -0.886549 0.990284 0.528071 0.059626
176 0.009716 -3.010605 -0.886549 0.990284 0.532729 0.146767
177 0.009716 -3.010605 -0.886549 0.990284 0.525175 0.159515
178 0.009716 -3.010605 -0.886549 0.990284 0.519817 0.155042
179 0.009716 -3.010605 -0.886549 0.990284 0.538968 0.122410
180 0.009716 -3.010605 -0.886549 0.990284 0.486266 0.021969
181 0.009716 -3.010605 -0.886549 0.990284 0.520192 0.066456
182 0.009716 -3.010605 -0.886549 0.990284 0.514042 0.029121
183 0.009716 -3.010605 -0.886549 0.990284 0.539573 0.102565
184 0.009716 -3.010605 -0.886549 0.990284 0.533731 0.040988
185 0.009716 -3.010605 -0.886549 0.990284 0.520978 0.059527
186 0.009716 -3.010605 -0.886549 0.990284 0.481655 0.023049
187 0.009716 -3.010605 -0.886549 0.990284 0.515406 0.020323
188 0.009716 -3.010605 -0.886549 0.990284 0.522424 0.021493
189 0.009716 -3.010605 -0.886549 0.990284 0.532762 0.002802
190 0.009716 -3.010605 -0.886549 0.990284 0.533409 0.023762
191 0.009716 -3.010605 -0.886549 0.990284 0.540997 0.004117
192 0.009716 -3.010605 -0.886549 0.990284 0.543569 0.016147
193 0.009716 -3.010605 -0.886549 0.990284 0.495258 0.049832
194 0.009716 -3.010605 -0.886549 0.990284 0.516030 0.002828
195 0.009716 -3.010605 -0.886549 0.990284 0.510598 0.025789
196 0.009716 -3.010605 -0.886549 0.990284 0.518942 0.153598
197 0.009716 -3.010605 -0.886549 0.990284 0.539900 0.049837
198 0.009716 -3.010605 -0.886549 0.990284 0.517462 0.109050
199 0.009716 -3.010605 -0.886549 0.990284 0.510786 0.075731
200 0.009716 -3.010605 -0.886549 0.990284 0.510507 0.056437
201 0.009716 -3.010605 -0.886549 0.990284 0.490930 0.016324
202 0.009716 -3.010605 -0.886549 0.990284 0.536479 0.021809
203 0.009716 -3.010605 -0.886549 0.990284 0.516145 0.004069
204 0.009716 -3.010605 -0.886549 0.990284 0.529130 0.088367
205 0.009716 -3.010605 -0.886549 0.990284 0.531206 0.004120
206 0.009716 -3.010605 -0.886549 0.990284 0.519082 0.022866
207 0.009716 -3.010605 -0.886549 0.990284 0.527162 0.008685
208 0.009716 -3.010605 -0.886549 0.990284 0.539981 0.003716
209 0.009716 -3.010605 -0.886549 0.990284 0.554228 0.028995
210 0.009716 -3.010605 -0.886549 0.990284 0.508686 0.010122
211 0.009716 -3.010605 -0.886549 0.990284 0.494195 0.033028
212 0.009716 -3.010605 -0.886549 0.990284 0.522305 0.019114
213 0.009716 -3.010605 -0.886549 0.990284 0.501344 0.005884
214 0.009716 -3.010605 -0.886549 0.990284 0.520578 0.006776
215 0.009716 -3.010605 -0.886549 0.990284 0.458585 0.004102
216 0.009716 -3.010605 -0.886549 0.990284 0.510406 0.024941
217 0.009716 -3.010605 -0.886549 0.990284 0.502890 0.002460
218 0.009716 -3.010605 -0.886549 0.990284 0.520084 0.049065
219 0.009716 -3.010605 -0.886549 0.990284 0.517554 0.006467
220 0.009716 -3.010605 -0.886549 0.990284 0.495844 0.023399
221 0.009716 -3.010605 -0.886549 0.990284 0.542938 0.063722
222 0.009716 -3.010605 -0.886549 0.990284 0.525634 0.056579
223 0.009716 -3.010605 -0.886549 0.990284 0.520994 0.003825
224 0.009716 -3.010605 -0.886549 0.990284 0.525076 0.117026
225 0.009716 -3.010605 -0.886549 0.990284 0.489792 0.006698
226 0.009716 -3.010605 -0.886549 0.990284 0.493926 0.006747
227 0.009716 -3.010605 -0.886549 0.990284 0.500614 0.021489
228 0.009716 -3.010605 -0.886549 0.990284 0.516584 0.106103
229 0.009716 -3.010605 -0.886549 0.990284 0.511993 0.133349
230 0.009716 -3.010605 -0.886549 0.990284 0.474770 0.024198
231 0.009716 -3.010605 -0.886549 0.990284 0.492018 0.128723
232 0.009716 -3.010605 -0.886549 0.990284 0.474588 0.023484
233 0.009716 -3.010605 -0.886549 0.990284 0.534150 0.030692
234 0.009716 -3.010605 -0.886549 0.990284 0.509255 0.021503
235 0.009716 -3.010605 -0.886549 0.990284 0.507836 0.042748
236 0.009716 -3.010605 -0.886549 0.990284 0.509612 0.015690
237 0.009716 -3.010605 -0.886549 0.990284 0.490317 0.028531
238 0.009716 -3.010605 -0.886549 0.990284 0.493309 0.027571
239 0.009716 -3.010605 -0.886549 0.990284 0.493071 0.066244
240 0.009716 -3.010605 -0.886549 0.990284 0.510007 0.061425
241 0.009716 -3.010605 -0.886549 0.990284 0.509335 0.061552
242 0.009716 -3.010605 -0.886549 0.990284 0.526942 0.033073
243 0.009716 -3.010605 -0.886549 0.990284 0.523388 0.026813
244 0.009716 -3.010605 -0.886549 0.990284 0.542171 0.021510
245 0.009716 -3.010605 -0.886549 0.990284 0.526713 0.033323
246 0.009716 -3.010605 -0.886549 0.990284 0.535346 0.062194
247 0.009716 -3.010605 -0.886549 0.990284 0.536087 0.021718
248 0.009716 -3.010605 -0.886549 0.990284 0.529100 0.021572
249 0.009716 -3.010605 -0.886549 0.990284 0.522736 0.023661
250 0.009716 -3.010605 -0.886549 0.990284 0.534746 0.044179
251 0.009716 -3.010605 -0.886549 0.990284 0.522172 0.024819
252 0.009716 -3.010605 -0.886549 0.990284 0.491282 0.032785
253 0.009716 -3.010605 -0.886549 0.990284 0.506952 0.048116
254 0.009716 -3.010605 -0.886549 0.990284 0.498359 0.057162
255 0.009716 -3.010605 -0.886549 0.990284 0.549952 0.102284
256 0.009716 -3.010605 -0.886549 0.990284 0.553027 0.046306
257 0.009716 -3.010605 -0.886549 0.990284 0.538660 0.114999
258 0.009716 -3.010605 -0.886549 0.990284 0.507977 0.094060
259 0.009716 -3.010605 -0.886549 0.990284 0.532039 0.056561
260 0.004882 -0.056458 0.041199 0.995118 0.508205 0.056524
261 0.004231 -0.050355 0.041199 0.995769 0.538488 0.030005
262 0.004231 -0.050355 0.041199 0.995769 0.511986 0.023634
263 0.004231 -0.050355 0.041199 0.995769 0.515345 0.022302
264 0.004231 -0.050355 0.041199 0.995769 0.491285 0.021491
265 0.004231 -0.050355 0.041199 0.995769 0.514191 0.023848
266 0.004231 -0.050355 0.041199 0.995769 0.513884 0.063441
267 0.004231 -0.050355 0.041199 0.995769 0.530152 0.024940
268 0.004231 -0.050355 0.041199 0.995769 0.511216 0.029767
269 0.004231 -0.050355 0.041199 0.995769 0.495220 0.009536
270 0.004231 -0.050355 0.041199 0.995769 0.502716 0.024546
271 0.004231 -0.050355 0.041199 0.995769 0.503163 0.152733
272 0.004231 -0.050355 0.041199 0.995769 0.507145 0.136464
273 0.004231 -0.050355 0.041199 0.995769 0.496325 0.059246
274 0.004231 -0.050355 0.041199 0.995769 0.492717 0.060695
275 0.004231 -0.050355 0.041199 0.995769 0.503637 0.155588
276 0.004231 -0.050355 0.041199 0.995769 0.524384 0.061876
277 0.004231 -0.050355 0.041199 0.995769 0.485343 0.032781
278 0.004231 -0.050355 0.041199 0.995769 0.520242 0.022011
279 0.004231 -0.050355 0.041199 0.995769 0.480002 0.009344
280 0.004231 -0.050355 0.041199 0.995769 0.520865 0.084560
281 0.004231 -0.050355 0.041199 0.995769 0.499152 0.033973
282 0.004231 -0.050355 0.041199 0.995769 0.527307 0.109317
283 0.004231 -0.050355 0.041199 0.995769 0.519318 0.019658
284 0.004231 -0.050355 0.041199 0.995769 0.534799 0.003100
285 0.004231 -0.050355 0.041199 0.995769 0.543130 0.114250
286 0.004231 -0.050355 0.041199 0.995769 0.508432 0.153281
287 0.004231 -0.050355 0.041199 0.995769 0.515387 0.021508
288 0.004231 -0.050355 0.041199 0.995769 0.494412 0.032186
289 0.004231 -0.050355 0.041199 0.995769 0.547928 0.037123
290 0.004231 -0.050355 0.041199 0.995769 0.541052 0.075687
291 0.004231 -0.050355 0.041199 0.995769 0.542874 0.021553
292 0.004231 -0.050355 0.041199 0.995769 0.511072 0.023060
293 0.004231 -0.050355 0.041199 0.995769 0.512798 0.021693
294 0.004231 -0.050355 0.041199 0.995769 0.480324 0.040834
295 0.004231 -0.050355 0.041199 0.995769 0.512591 0.050075
296 0.004231 -0.050355 0.041199 0.995769 0.526761 0.022964
297 0.004231 -0.050355 0.041199 0.995769 0.501088 0.020884
298 0.004231 -0.050355 0.041199 0.995769 0.546518 0.096484
299 0.004231 -0.050355 0.041199 0.995769 0.522607 0.005619
300 0.004231 -0.050355 0.041199 0.995769 0.484412 0.087330
301 0.004231 -0.050355 0.041199 0.995769 0.513723 0.003404
302 0.004231 -0.050355 0.041199 0.995769 0.519152 0.056825
303 0.004231 -0.050355 0.041199 0.995769 0.483070 0.056626
304 0.004231 -0.050355 0.041199 0.995769 0.513581 0.102055
305 0.004231 -0.050355 0.041199 0.995769 0.530389 0.107167
306 0.004231 -0.050355 0.041199 0.995769 0.499202 0.110275
307 0.004231 -0.050355 0.041199 0.995769 0.504128 0.104260
308 0.004231 -0.050355 0.041199 0.995769 0.507571 0.072018
309 0.004231 -0.050355 0.041199 0.995769 0.513618 0.183095
310 0.004231 -0.050355 0.041199 0.995769 0.493394 0.013469
311 0.004231 -0.050355 0.041199 0.995769 0.531184 0.009115
312 0.004231 -0.050355 0.041199 0.995769 0.527988 0.050228
313 0.004231 -0.050355 0.041199 0.995769 0.535363 0.014772
314 0.004231 -0.050355 0.041199 0.995769 0.509966 0.009557
315 0.004231 -0.050355 0.041199 0.995769 0.557680 0.074971
316 0.004231 -0.050355 0.041199 0.995769 0.526103 0.019182
317 0.004231 -0.050355 0.041199 0.995769 0.497195 0.004875
318 0.004231 -0.050355 0.041199 0.995769 0.534736 0.047916
319 0.004231 -0.050355 0.041199 0.995769 0.510669 0.011442
320 0.004231 -0.050355 0.041199 0.995769 0.496719 0.025334
321 0.004231 -0.050355 0.041199 0.995769 0.505769 0.032771
322 0.004231 -0.050355 0.041199 0.995769 0.500514 0.025015
323 0.004231 -0.050355 0.041199 0.995769 0.516402 0.140944
324 0.004231 -0.050355 0.041199 0.995769 0.516482 0.035085
325 0.004231 -0.050355 0.041199 0.995769 0.522689 0.002642
326 0.004231 -0.050355 0.041199 0.995769 0.509352 0.022629
327 0.004231 -0.050355 0.041199 0.995769 0.530341 0.003496
328 0.004231 -0.050355 0.041199 0.995769 0.477892 0.068211
329 0.004231 -0.050355 0.041199 0.995769 0.510789 0.007526
330 0.004231 -0.050355 0.041199 0.995769 0.529466 0.030647
331 0.004231 -0.050355 0.041199 0.995769 0.502553 0.130357
332 0.004231 -0.050355 0.041199 0.995769 0.512210 0.022179
333 0.004231 -0.050355 0.041199 0.995769 0.483494 0.107455
334 0.004231 -0.050355 0.041199 0.995769 0.519368 0.022398
335 0.004231 -0.050355 0.041199 0.995769 0.524235 0.021507
336 0.004231 -0.050355 0.041199 0.995769 0.544618 0.093626
337 0.004231 -0.050355 0.041199 0.995769 0.515859 0.023460
338 0.004231 -0.050355 0.041199 0.995769 0.522941 0.005528
339 0.004231 -0.050355 0.041199 0.995769 0.524177 0.153416
340 0.004231 -0.050355 0.041199 0.995769 0.538544 0.004900
341 0.004231 -0.050355 0.041199 0.995769 0.529961 0.002635
342 0.004231 -0.050355 0.041199 0.995769 0.529185 0.022375
343 0.004231 -0.050355 0.041199 0.995769 0.535742 0.024402
344 0.004231 -0.050355 0.041199 0.995769 0.477067 0.034931
345 0.004231 -0.050355 0.041199 0.995769 0.544822 0.010976
346 0.004231 -0.050355 0.041199 0.995769 0.526916 0.037310
347 0.004231 -0.050355 0.041199 0.995769 0.494169 0.011802
348 0.004231 -0.050355 0.041199 0.995769 0.477200 0.002604
349 0.004231 -0.050355 0.041199 0.995769 0.518839 0.040993
350 0.004231 -0.050355 0.041199 0.995769 0.523101 0.083316
351 0.004231 -0.050355 0.041199 0.995769 0.507282 0.026040
352 0.004231 -0.050355 0.041199 0.995769 0.507466 0.022673
353 0.004231 -0.050355 0.041199 0.995769 0.498482 0.002575
354 0.004231 -0.050355 0.041199 0.995769 0.527880 0.044378
355 0.004231 -0.050355 0.041199 0.995769 0.502383 0.025587
356 0.004231 -0.050355 0.041199 0.995769 0.511810 0.109271
357 0.004231 -0.050355 0.041199 0.995769 0.521135 0.021623
358 0.004231 -0.050355 0.041199 0.995769 0.511747 0.101677
359 0.004231 -0.050355 0.041199 0.995769 0.490952 0.075451
360 0.004231 -0.050355 0.041199 0.995769 0.523762 0.029400
361 0.004231 -0.050355 0.041199 0.995769 0.508241 0.002707
362 0.004231 -0.050355 0.041199 0.995769 0.483729 0.023672
363 0.004231 -0.050355 0.041199 0.995769 0.517340 0.056462
364 0.004231 -0.050355 0.041199 0.995769 0.504452 0.053547
365 0.004231 -0.050355 0.041199 0.995769 0.542291 0.112579
366 0.004231 -0.050355 0.041199 0.995769 0.527570 0.023632
367 0.004231 -0.050355 0.041199 0.995769 0.512668 0.011704
368 0.004231 -0.050355 0.041199 0.995769 0.528871 0.077503
369 0.004231 -0.050355 0.041199 0.995769 0.506921 0.084161
370 0.004231 -0.050355 0.041199 0.995769 0.520297 0.081752
371 0.004231 -0.050355 0.041199 0.995769 0.512702 0.021557
372 0.004231 -0.050355 0.041199 0.995769 0.493876 0.057868
373 0.004231 -0.050355 0.041199 0.995769 0.497094 0.024015
374 0.004231 -0.050355 0.041199 0.995769 0.517851 0.021944
375 0.004231 -0.050355 0.041199 0.995769 0.511486 0.081949
376 0.004231 -0.050355 0.041199 0.995769 0.499862 0.100688
377 0.004231 -0.050355 0.041199 0.995769 0.522445 0.019561
378 0.004231 -0.050355 0.041199 0.995769 0.520160 0.103257
379 0.004231 -0.050355 0.041199 0.995769 0.502816 0.012990
380 0.004231 -0.050355 0.041199 0.995769 0.502873 0.010442
381 0.004231 -0.050355 0.041199 0.995769 0.524677 0.037134
382 0.004231 -0.050355 0.041199 0.995769 0.525897 0.059659
383 0.004231 -0.050355 0.041199 0.995769 0.496581 0.021468
384 0.004231 -0.050355 0.041199 0.995769 0.494035 0.024535
385 0.004231 -0.050355 0.041199 0.995769 0.509569 0.064627
386 0.004231 -0.050355 0.041199 0.995769 0.521459 0.049610
387 0.004231 -0.050355 0.041199 0.995769 0.486783 0.069076
388 0.004231 -0.050355 0.041199 0.995769 0.525188 0.106401
389 0.004231 -0.050355 0.041199 0.995769 0.525888 0.078111
390 0.004231 -0.050355 0.041199 0.995769 0.531820 0.010029
391 0.004231 -0.050355 0.041199 0.995769 0.509444 0.024766
392 0.004231 -0.050355 0.041199 0.995769 0.535636 0.129698
393 0.004231 -0.050355 0.041199 0.995769 0.501241 0.010009
394 0.004231 -0.050355 0.041199 0.995769 0.500508 0.019742
395 0.004231 -0.050355 0.041199 0.995769 0.519897 0.236901
396 0.004231 -0.050355 0.041199 0.995769 0.519330 0.024163
397 0.004231 -0.050355 0.041199 0.995769 0.532532 0.002617
398 0.004231 -0.050355 0.041199 0.995769 0.484992 0.021922
399 0.004231 -0.050355 0.041199 0.995769 0.498776 0.020776
400 0.004231 -0.050355 0.041199 0.995769 0.509885 0.025455
401 0.004231 -0.050355 0.041199 0.995769 0.541999 0.019215
402 0.004231 -0.050355 0.041199 0.995769 0.504783 0.004392
403 0.004231 -0.050355 0.041199 0.995769 0.520010 0.024297
404 0.004231 -0.050355 0.041199 0.995769 0.514787 0.025963
405 0.004231 -0.050355 0.041199 0.995769 0.519106 0.029675
406 0.004231 -0.050355 0.041199 0.995769 0.509459 0.005651
407 0.004231 -0.050355 0.041199 0.995769 0.515800 0.106409
408 0.004231 -0.050355 0.041199 0.995769 0.487819 0.030959
409 0.004231 -0.050355 0.041199 0.995769 0.522781 0.050685
410 0.004231 -0.050355 0.041199 0.995769 0.516176 0.044017
411 0.004231 -0.050355 0.041199 0.995769 0.498446 0.070640
412 0.004231 -0.050355 0.041199 0.995769 0.500760 0.022962
413 0.004231 -0.050355 0.041199 0.995769 0.520489 0.025395
414 0.004231 -0.050355 0.041199 0.995769 0.539030 0.041814
415 0.004231 -0.050355 0.041199 0.995769 0.513308 0.007106
416 0.004231 -0.050355 0.041199 0.995769 0.523525 0.059750
417 0.004231 -0.050355 0.041199 0.995769 0.515393 0.062320
418 0.004231 -0.050355 0.041199 0.995769 0.551673 0.027040
419 0.004231 -0.050355 0.041199 0.995769 0.495816 0.022286
420 0.004231 -0.050355 0.041199 0.995769 0.535763 0.029872
421 0.004231 -0.050355 0.041199 0.995769 0.496665 0.011095
422 0.004231 -0.050355 0.041199 0.995769 0.532845 0.003082
423 0.004231 -0.050355 0.041199 0.995769 0.521572 0.111741
424 0.004231 -0.050355 0.041199 0.995769 0.508909 0.053614
425 0.004231 -0.050355 0.041199 0.995769 0.499551 0.036544
426 0.004231 -0.050355 0.041199 0.995769 0.513241 0.014757
427 0.004231 -0.050355 0.041199 0.995769 0.517525 0.126732
428 0.004231 -0.050355 0.041199 0.995769 0.509064 0.032892
429 0.004231 -0.050355 0.041199 0.995769 0.511563 0.021999
430 0.004231 -0.050355 0.041199 0.995769 0.517986 0.005300
431 0.004231 -0.050355 0.041199 0.995769 0.484545 0.011567
432 0.004231 -0.050355 0.041199 0.995769 0.523791 0.145262
433 0.004231 -0.050355 0.041199 0.995769 0.498945 0.009841
434 0.004231 -0.050355 0.041199 0.995769 0.496653 0.021687
435 0.004231 -0.050355 0.041199 0.995769 0.519056 0.022963
436 0.004231 -0.050355 0.041199 0.995769 0.508955 0.066931
437 0.004231 -0.050355 0.041199 0.995769 0.497812 0.025104
438 0.004231 -0.050355 0.041199 0.995769 0.516606 0.021486
439 0.004231 -0.050355 0.041199 0.995769 0.534452 0.065419
440 0.004231 -0.050355 0.041199 0.995769 0.524211 0.065246
441 0.004231 -0.050355 0.041199 0.995769 0.488494 0.002841
442 0.004231 -0.050355 0.041199 0.995769 0.498073 0.069754
443 0.004231 -0.050355 0.041199 0.995769 0.512386 0.032207
444 0.004231 -0.050355 0.041199 0.995769 0.503054 0.034088
445 0.004231 -0.050355 0.041199 0.995769 0.503135 0.103212
446 0.004231 -0.050355 0.041199 0.995769 0.515390 0.127520
447 0.004231 -0.050355 0.041199 0.995769 0.500788 0.030423
448 0.004231 -0.050355 0.041199 0.995769 0.479354 0.021707
449 0.004231 -0.050355 0.041199 0.995769 0.516300 0.002907
450 0.004231 -0.050355 0.041199 0.995769 0.534244 0.086789
451 0.004231 -0.050355 0.041199 0.995769 0.495854 0.006524
452 0.004231 -0.050355 0.041199 0.995769 0.531606 0.099792
453 0.004231 -0.050355 0.041199 0.995769 0.533505 0.032854
454 0.004231 -0.050355 0.041199 0.995769 0.528957 0.021501
455 0.004231 -0.050355 0.041199 0.995769 0.507299 0.031604
456 0.004231 -0.050355 0.041199 0.995769 0.539223 0.030931
457 0.004231 -0.050355 0.041199 0.995769 0.511882 0.021471
458 0.004231 -0.050355 0.041199 0.995769 0.509352 0.037163
459 0.004231 -0.050355 0.041199 0.995769 0.532469 0.072288
460 0.004231 -0.050355 0.041199 0.995769 0.520438 0.035192
461 0.004231 -0.050355 0.041199 0.995769 0.526090 0.035192
462 0.004231 -0.050355 0.041199 0.995769 0.545550 0.050113
463 0.004231 -0.050355 0.041199 0.995769 0.507952 0.040046
464 0.004231 -0.050355 0.041199 0.995769 0.542467 0.013066
465 0.004231 -0.050355 0.041199 0.995769 0.527977 0.022019
466 0.004231 -0.050355 0.041199 0.995769 0.515992 0.006659
467 0.004231 -0.050355 0.041199 0.995769 0.504410 0.003493
468 0.004231 -0.050355 0.041199 0.995769 0.525814 0.088372
469 0.004231 -0.050355 0.041199 0.995769 0.512775 0.021732
470 0.004231 -0.050355 0.041199 0.995769 0.506205 0.026101
471 0.004231 -0.050355 0.041199 0.995769 0.515688 0.019576
472 0.004231 -0.050355 0.041199 0.995769 0.493139 0.037306
473 0.004231 -0.050355 0.041199 0.995769 0.525674 0.070806
474 0.004231 -0.050355 0.041199 0.995769 0.523523 0.015750
475 0.004231 -0.050355 0.041199 0.995769 0.502189 0.013142
476 0.004231 -0.050355 0.041199 0.995769 0.516231 0.059273
477 0.004231 -0.050355 0.041199 0.995769 0.508721 0.075462
478 0.004231 -0.050355 0.041199 0.995769 0.518399 0.059154
479 0.004231 -0.050355 0.041199 0.995769 0.512362 0.055231
480 0.004231 -0.050355 0.041199 0.995769 0.528311 0.079608
481 0.004231 -0.050355 0.041199 0.995769 0.497555 0.017282
482 0.004231 -0.050355 0.041199 0.995769 0.530340 0.056403
483 0.004231 -0.050355 0.041199 0.995769 0.523623 0.092752
484 0.004231 -0.050355 0.041199 0.995769 0.523823 0.044912
485 0.004231 -0.050355 0.041199 0.995769 0.505182 0.022005
486 0.004231 -0.050355 0.041199 0.995769 0.508310 0.024372
487 0.004231 -0.050355 0.041199 0.995769 0.493362 0.002463
488 0.004231 -0.050355 0.041199 0.995769 0.506632 0.006696
489 0.004231 -0.050355 0.041199 0.995769 0.504976 0.028026
490 0.004231 -0.050355 0.041199 0.995769 0.528708 0.007560
491 0.004231 -0.050355 0.041199 0.995769 0.473307 0.028448
492 0.004231 -0.050355 0.041199 0.995769 0.481169 0.026217
493 0.004231 -0.050355 0.041199 0.995769 0.525188 0.127022
494 0.004231 -0.050355 0.041199 0.995769 0.525745 0.076993
495 0.004231 -0.050355 0.041199 0.995769 0.506612 0.063035
496 0.004231 -0.050355 0.041199 0.995769 0.502555 0.062288
497 0.004231 -0.050355 0.041199 0.995769 0.504891 0.046885
498 0.004231 -0.050355 0.041199 0.995769 0.496606 0.023453
499 0.004231 -0.050355 0.041199 0.995769 0.498296 0.021539
