Lp  F6        x1       x2        Ocena     Średni    Najgorszy
0 0.010056 2.915999 -1.210040 0.989944 0.509779 0.003798
1 0.010056 2.915999 -1.210040 0.989944 0.504841 0.086102
2 0.010056 2.915999 -1.210040 0.989944 0.516653 0.004961
3 0.010056 2.915999 -1.210040 0.989944 0.518300 0.082841
4 0.009720 2.125582 -2.311742 0.990280 0.533147 0.282729
5 0.009720 2.125582 -2.311742 0.990280 0.517761 0.152356
6 0.009720 2.125582 -2.311742 0.990280 0.525229 0.016664
7 0.009720 2.125582 -2.311742 0.990280 0.509005 0.066358
8 0.009720 2.125582 -2.311742 0.990280 0.512110 0.058291
9 0.009720 2.125582 -2.311742 0.990280 0.521187 0.155217
10 0.009720 2.125582 -2.311742 0.990280 0.502043 0.066749
11 0.009720 2.125582 -2.311742 0.990280 0.507191 0.036977
12 0.009716 1.594568 -2.702373 0.990284 0.509272 0.022613
13 0.009716 1.594568 -2.702373 0.990284 0.504475 0.103461
14 0.009716 1.594568 -2.702373 0.990284 0.488219 0.011477
15 0.009716 1.594568 -2.702373 0.990284 0.542795 0.032621
16 0.009716 1.594568 -2.702373 0.990284 0.515066 0.002858
17 0.009716 1.594568 -2.702373 0.990284 0.519772 0.060185
18 0.009716 1.594568 -2.702373 0.990284 0.534623 0.202804
19 0.009716 1.594568 -2.702373 0.990284 0.517117 0.080918
20 0.009716 1.594568 -2.702373 0.990284 0.532491 0.078912
21 0.009716 1.594568 -2.702373 0.990284 0.515472 0.020253
22 0.009716 1.594568 -2.702373 0.990284 0.503157 0.005165
23 0.009716 1.594568 -2.702373 0.990284 0.547412 0.176401
24 0.009716 1.594568 -2.702373 0.990284 0.526610 0.121390
25 0.009716 1.594568 -2.702373 0.990284 0.490872 0.002470
26 0.009716 1.594568 -2.702373 0.990284 0.528644 0.104088
27 0.009716 1.594568 -2.702373 0.990284 0.551047 0.053290
28 0.009716 1.594568 -2.702373 0.990284 0.507295 0.039449
29 0.009716 1.594568 -2.702373 0.990284 0.526581 0.020187
30 0.009716 1.594568 -2.702373 0.990284 0.531423 0.003686
31 0.009716 1.594568 -2.702373 0.990284 0.582312 0.005764
32 0.009716 1.594568 -2.702373 0.990284 0.502527 0.002825
33 0.009716 1.594568 -2.702373 0.990284 0.539817 0.102062
34 0.009716 1.594568 -2.702373 0.990284 0.529609 0.278152
35 0.009716 1.594568 -2.702373 0.990284 0.516831 0.055442
36 0.009716 1.594568 -2.702373 0.990284 0.515176 0.056903
37 0.009716 1.594568 -2.702373 0.990284 0.513877 0.187350
38 0.009716 1.594568 -2.702373 0.990284 0.519597 0.069191
39 0.009716 1.594568 -2.702373 0.990284 0.503860 0.082985
40 0.009716 1.594568 -2.702373 0.990284 0.510976 0.057469
41 0.009716 1.594568 -2.702373 0.990284 0.538428 0.087450
42 0.009716 1.594568 -2.702373 0.990284 0.493546 0.117873
43 0.009716 1.594568 -2.702373 0.990284 0.539581 0.037471
44 0.009716 1.594568 -2.702373 0.990284 0.511381 0.008763
45 0.009716 1.594568 -2.702373 0.990284 0.531414 0.155640
46 0.009716 1.594568 -2.702373 0.990284 0.517644 0.022407
47 0.009716 1.594568 -2.702373 0.990284 0.523023 0.023719
48 0.009716 1.594568 -2.702373 0.990284 0.506066 0.047808
49 0.009716 1.594568 -2.702373 0.990284 0.536644 0.062162
50 0.009716 1.594568 -2.702373 0.990284 0.537335 0.029249
51 0.009716 1.594568 -2.702373 0.990284 0.514167 0.006284
52 0.009716 1.594568 -2.702373 0.990284 0.527674 0.032895
53 0.009716 1.594568 -2.702373 0.990284 0.524118 0.065312
54 0.009716 1.594568 -2.702373 0.990284 0.519692 0.095829
55 0.009716 1.594568 -2.702373 0.990284 0.530094 0.018760
56 0.009716 1.594568 -2.702373 0.990284 0.518838 0.046047
57 0.009716 1.594568 -2.702373 0.990284 0.483086 0.041995
58 0.009716 1.594568 -2.702373 0.990284 0.520781 0.010949
59 0.009716 1.594568 -2.702373 0.990284 0.550635 0.147507
60 0.009716 1.594568 -2.702373 0.990284 0.510135 0.024590
61 0.009716 1.594568 -2.702373 0.990284 0.475238 0.027340
62 0.009716 1.594568 -2.702373 0.990284 0.490295 0.010490
63 0.009716 1.594568 -2.702373 0.990284 0.510254 0.030371
64 0.009716 1.594568 -2.702373 0.990284 0.487672 0.013062
65 0.009716 1.594568 -2.702373 0.990284 0.527601 0.069250
66 0.009716 1.594568 -2.702373 0.990284 0.512088 0.002476
67 0.009716 1.594568 -2.702373 0.990284 0.527471 0.028798
68 0.009716 1.594568 -2.702373 0.990284 0.512195 0.025377
69 0.009716 1.594568 -2.702373 0.990284 0.509280 0.022619
70 0.009716 1.594568 -2.702373 0.990284 0.517391 0.046476
71 0.009716 1.594568 -2.702373 0.990284 0.510546 0.016696
72 0.009716 1.594568 -2.702373 0.990284 0.524225 0.098785
73 0.009716 1.594568 -2.702373 0.990284 0.512231 0.074281
74 0.009716 1.594568 -2.702373 0.990284 0.514009 0.155308
75 0.009716 1.594568 -2.702373 0.990284 0.513629 0.023458
76 0.009716 1.594568 -2.702373 0.990284 0.513961 0.026747
77 0.009716 1.594568 -2.702373 0.990284 0.539538 0.207250
78 0.009716 1.594568 -2.702373 0.990284 0.496166 0.010856
79 0.009716 1.594568 -2.702373 0.990284 0.534880 0.010358
80 0.009716 1.594568 -2.702373 0.990284 0.505417 0.021603
81 0.009716 1.594568 -2.702373 0.990284 0.523501 0.056395
82 0.009716 1.594568 -2.702373 0.990284 0.530766 0.056398
83 0.009716 1.594568 -2.702373 0.990284 0.498988 0.022274
84 0.007556 0.068666 -0.053407 0.992444 0.496788 0.070285
85 0.007556 0.068666 -0.053407 0.992444 0.539551 0.035058
86 0.007556 0.068666 -0.053407 0.992444 0.534566 0.047258
87 0.007556 0.068666 -0.053407 0.992444 0.494667 0.021476
88 0.007556 0.068666 -0.053407 0.992444 0.496731 0.053916
89 0.007556 0.068666 -0.053407 0.992444 0.501806 0.002780
90 0.007556 0.068666 -0.053407 0.992444 0.495818 0.113888
91 0.007556 0.068666 -0.053407 0.992444 0.512918 0.104414
92 0.007556 0.068666 -0.053407 0.992444 0.521949 0.088920
93 0.007556 0.068666 -0.053407 0.992444 0.517262 0.061300
94 0.007556 0.068666 -0.053407 0.992444 0.531979 0.050386
95 0.007556 0.068666 -0.053407 0.992444 0.567974 0.033999
96 0.007556 0.068666 -0.053407 0.992444 0.531163 0.085942
97 0.007556 0.068666 -0.053407 0.992444 0.503707 0.062223
98 0.007556 0.068666 -0.053407 0.992444 0.508746 0.023171
99 0.007556 0.068666 -0.053407 0.992444 0.527494 0.006375
100 0.007556 0.068666 -0.053407 0.992444 0.528707 0.003955
101 0.007556 0.068666 -0.053407 0.992444 0.515190 0.005791
102 0.007556 0.068666 -0.053407 0.992444 0.541134 0.003732
103 0.007556 0.068666 -0.053407 0.992444 0.497050 0.043883
104 0.007556 0.068666 -0.053407 0.992444 0.512353 0.059489
105 0.007556 0.068666 -0.053407 0.992444 0.485754 0.028080
106 0.007556 0.068666 -0.053407 0.992444 0.535338 0.121474
107 0.007556 0.068666 -0.053407 0.992444 0.521279 0.021911
108 0.007556 0.068666 -0.053407 0.992444 0.485110 0.193372
109 0.007556 0.068666 -0.053407 0.992444 0.512884 0.006080
110 0.007556 0.068666 -0.053407 0.992444 0.511026 0.128574
111 0.007556 0.068666 -0.053407 0.992444 0.551133 0.057618
112 0.007556 0.068666 -0.053407 0.992444 0.540879 0.153188
113 0.007556 0.068666 -0.053407 0.992444 0.536951 0.086825
114 0.007556 0.068666 -0.053407 0.992444 0.496613 0.088042
115 0.007556 0.068666 -0.053407 0.992444 0.508744 0.141746
116 0.007556 0.068666 -0.053407 0.992444 0.539962 0.121200
117 0.007556 0.068666 -0.053407 0.992444 0.508385 0.061179
118 0.007556 0.068666 -0.053407 0.992444 0.523232 0.088546
119 0.007556 0.068666 -0.053407 0.992444 0.523277 0.009926
120 0.007556 0.068666 -0.053407 0.992444 0.517620 0.058279
121 0.007556 0.068666 -0.053407 0.992444 0.536943 0.323370
122 0.007556 0.068666 -0.053407 0.992444 0.502324 0.102244
123 0.007556 0.068666 -0.053407 0.992444 0.556217 0.043601
124 0.007556 0.068666 -0.053407 0.992444 0.537552 0.025481
125 0.007556 0.068666 -0.053407 0.992444 0.527813 0.170156
126 0.007556 0.068666 -0.053407 0.992444 0.519636 0.029661
127 0.007556 0.068666 -0.053407 0.992444 0.517002 0.003126
128 0.007556 0.068666 -0.053407 0.992444 0.518195 0.010211
129 0.007556 0.068666 -0.053407 0.992444 0.523813 0.002706
130 0.007556 0.068666 -0.053407 0.992444 0.508657 0.011085
131 0.007556 0.068666 -0.053407 0.992444 0.523446 0.025856
132 0.007556 0.068666 -0.053407 0.992444 0.536356 0.031692
133 0.007556 0.068666 -0.053407 0.992444 0.505162 0.003356
134 0.007556 0.068666 -0.053407 0.992444 0.498687 0.117883
135 0.007556 0.068666 -0.053407 0.992444 0.511154 0.102098
136 0.007556 0.068666 -0.053407 0.992444 0.542891 0.018483
137 0.007556 0.068666 -0.053407 0.992444 0.525801 0.062256
138 0.007556 0.068666 -0.053407 0.992444 0.516431 0.032115
139 0.007556 0.068666 -0.053407 0.992444 0.542156 0.057944
140 0.007556 0.068666 -0.053407 0.992444 0.508565 0.083827
141 0.007556 0.068666 -0.053407 0.992444 0.511795 0.043680
142 0.005142 0.056458 0.044251 0.994858 0.535236 0.054088
143 0.002538 -0.050355 -0.001526 0.997462 0.548435 0.024989
144 0.002538 -0.050355 -0.001526 0.997462 0.523882 0.002505
145 0.002538 -0.050355 -0.001526 0.997462 0.512630 0.023067
146 0.002538 -0.050355 -0.001526 0.997462 0.478714 0.035756
147 0.002538 -0.050355 -0.001526 0.997462 0.560329 0.137856
148 0.002538 -0.050355 -0.001526 0.997462 0.531969 0.002482
149 0.002538 -0.050355 -0.001526 0.997462 0.517565 0.044986
150 0.002538 -0.050355 -0.001526 0.997462 0.502435 0.002685
151 0.002538 -0.050355 -0.001526 0.997462 0.501828 0.021501
152 0.002538 -0.050355 -0.001526 0.997462 0.531407 0.096634
153 0.002538 -0.050355 -0.001526 0.997462 0.515124 0.056706
154 0.002538 -0.050355 -0.001526 0.997462 0.530900 0.023690
155 0.002538 -0.050355 -0.001526 0.997462 0.511986 0.022267
156 0.002538 -0.050355 -0.001526 0.997462 0.519315 0.006403
157 0.002538 -0.050355 -0.001526 0.997462 0.521347 0.002472
158 0.002538 -0.050355 -0.001526 0.997462 0.508056 0.022552
159 0.002538 -0.050355 -0.001526 0.997462 0.520834 0.002784
160 0.002538 -0.050355 -0.001526 0.997462 0.509123 0.003016
161 0.002538 -0.050355 -0.001526 0.997462 0.529336 0.018286
162 0.002538 -0.050355 -0.001526 0.997462 0.524715 0.104122
163 0.002538 -0.050355 -0.001526 0.997462 0.518953 0.240598
164 0.002538 -0.050355 -0.001526 0.997462 0.518896 0.003446
165 0.002538 -0.050355 -0.001526 0.997462 0.537434 0.022633
166 0.002538 -0.050355 -0.001526 0.997462 0.512990 0.139195
167 0.002538 -0.050355 -0.001526 0.997462 0.525249 0.206831
168 0.002538 -0.050355 -0.001526 0.997462 0.532952 0.327035
169 0.002538 -0.050355 -0.001526 0.997462 0.500733 0.102293
170 0.002538 -0.050355 -0.001526 0.997462 0.530730 0.154727
171 0.002538 -0.050355 -0.001526 0.997462 0.506965 0.003416
172 0.002538 -0.050355 -0.001526 0.997462 0.541371 0.023203
173 0.002538 -0.050355 -0.001526 0.997462 0.528434 0.037107
174 0.002538 -0.050355 -0.001526 0.997462 0.521290 0.038909
175 0.002538 -0.050355 -0.001526 0.997462 0.489497 0.062718
176 0.002538 -0.050355 -0.001526 0.997462 0.536174 0.023465
177 0.002538 -0.050355 -0.001526 0.997462 0.532295 0.056462
178 0.002538 -0.050355 -0.001526 0.997462 0.534452 0.022627
179 0.002538 -0.050355 -0.001526 0.997462 0.514689 0.049654
180 0.002538 -0.050355 -0.001526 0.997462 0.542726 0.056898
181 0.002538 -0.050355 -0.001526 0.997462 0.536201 0.004123
182 0.002538 -0.050355 -0.001526 0.997462 0.502186 0.033972
183 0.002538 -0.050355 -0.001526 0.997462 0.527870 0.057477
184 0.002538 -0.050355 -0.001526 0.997462 0.522370 0.007800
185 0.002538 -0.050355 -0.001526 0.997462 0.526742 0.022287
186 0.002538 -0.050355 -0.001526 0.997462 0.505759 0.003219
187 0.002538 -0.050355 -0.001526 0.997462 0.525894 0.003497
188 0.002538 -0.050355 -0.001526 0.997462 0.510354 0.081841
189 0.002538 -0.050355 -0.001526 0.997462 0.502896 0.028489
190 0.002538 -0.050355 -0.001526 0.997462 0.529565 0.065713
191 0.002538 -0.050355 -0.001526 0.997462 0.535772 0.108152
192 0.002538 -0.050355 -0.001526 0.997462 0.524561 0.036326
193 0.002538 -0.050355 -0.001526 0.997462 0.530529 0.097141
194 0.002538 -0.050355 -0.001526 0.997462 0.523408 0.076588
195 0.002538 -0.050355 -0.001526 0.997462 0.502331 0.074730
196 0.002538 -0.050355 -0.001526 0.997462 0.517588 0.014242
197 0.002538 -0.050355 -0.001526 0.997462 0.507140 0.075283
198 0.002538 -0.050355 -0.001526 0.997462 0.507044 0.138171
199 0.002538 -0.050355 -0.001526 0.997462 0.534585 0.067471
200 0.002538 -0.050355 -0.001526 0.997462 0.535785 0.048058
201 0.002538 -0.050355 -0.001526 0.997462 0.525730 0.025579
202 0.002538 -0.050355 -0.001526 0.997462 0.509051 0.002579
203 0.002538 -0.050355 -0.001526 0.997462 0.491807 0.026302
204 0.002538 -0.050355 -0.001526 0.997462 0.533365 0.068253
205 0.002538 -0.050355 -0.001526 0.997462 0.512360 0.029873
206 0.002538 -0.050355 -0.001526 0.997462 0.482760 0.005741
207 0.002538 -0.050355 -0.001526 0.997462 0.492900 0.042792
208 0.002538 -0.050355 -0.001526 0.997462 0.511011 0.025150
209 0.002538 -0.050355 -0.001526 0.997462 0.517575 0.051135
210 0.002538 -0.050355 -0.001526 0.997462 0.513582 0.008557
211 0.002538 -0.050355 -0.001526 0.997462 0.518988 0.021901
212 0.002538 -0.050355 -0.001526 0.997462 0.509735 0.109074
213 0.002538 -0.050355 -0.001526 0.997462 0.510406 0.021667
214 0.002538 -0.050355 -0.001526 0.997462 0.509845 0.060237
215 0.002538 -0.050355 -0.001526 0.997462 0.522543 0.056485
216 0.002538 -0.050355 -0.001526 0.997462 0.547940 0.023823
217 0.002538 -0.050355 -0.001526 0.997462 0.515591 0.051431
218 0.002538 -0.050355 -0.001526 0.997462 0.512132 0.021660
219 0.002538 -0.050355 -0.001526 0.997462 0.519153 0.030789
220 0.002538 -0.050355 -0.001526 0.997462 0.504311 0.024340
221 0.002538 -0.050355 -0.001526 0.997462 0.529319 0.021483
222 0.002538 -0.050355 -0.001526 0.997462 0.525136 0.063020
223 0.002538 -0.050355 -0.001526 0.997462 0.534653 0.015259
224 0.002538 -0.050355 -0.001526 0.997462 0.538834 0.058315
225 0.002538 -0.050355 -0.001526 0.997462 0.532800 0.057699
226 0.002538 -0.050355 -0.001526 0.997462 0.499292 0.058652
227 0.002538 -0.050355 -0.001526 0.997462 0.528323 0.084062
228 0.002538 -0.050355 -0.001526 0.997462 0.511103 0.023769
229 0.002538 -0.050355 -0.001526 0.997462 0.542227 0.056532
230 0.002538 -0.050355 -0.001526 0.997462 0.549038 0.152799
231 0.002538 -0.050355 -0.001526 0.997462 0.552465 0.065421
232 0.002538 -0.050355 -0.001526 0.997462 0.495123 0.042525
233 0.002538 -0.050355 -0.001526 0.997462 0.535756 0.022713
234 0.002538 -0.050355 -0.001526 0.997462 0.543222 0.254093
235 0.002538 -0.050355 -0.001526 0.997462 0.507676 0.101968
236 0.002538 -0.050355 -0.001526 0.997462 0.524388 0.081235
237 0.002538 -0.050355 -0.001526 0.997462 0.520109 0.112704
238 0.002538 -0.050355 -0.001526 0.997462 0.480372 0.002932
239 0.002538 -0.050355 -0.001526 0.997462 0.527301 0.215825
240 0.002538 -0.050355 -0.001526 0.997462 0.488082 0.115440
241 0.002538 -0.050355 -0.001526 0.997462 0.524923 0.035959
242 0.002538 -0.050355 -0.001526 0.997462 0.521630 0.212335
243 0.002538 -0.050355 -0.001526 0.997462 0.493344 0.021582
244 0.002538 -0.050355 -0.001526 0.997462 0.520005 0.016996
245 0.002538 -0.050355 -0.001526 0.997462 0.502169 0.021678
246 0.002538 -0.050355 -0.001526 0.997462 0.521358 0.033050
247 0.002538 -0.050355 -0.001526 0.997462 0.531145 0.032185
248 0.002538 -0.050355 -0.001526 0.997462 0.527747 0.010722
249 0.002538 -0.050355 -0.001526 0.997462 0.492849 0.023813
250 0.002538 -0.050355 -0.001526 0.997462 0.497673 0.063349
251 0.002538 -0.050355 -0.001526 0.997462 0.526040 0.072539
252 0.002538 -0.050355 -0.001526 0.997462 0.517143 0.044416
253 0.002538 -0.050355 -0.001526 0.997462 0.520472 0.026528
254 0.002538 -0.050355 -0.001526 0.997462 0.494477 0.024101
255 0.002538 -0.050355 -0.001526 0.997462 0.475841 0.009285
256 0.002538 -0.050355 -0.001526 0.997462 0.511468 0.056751
257 0.002538 -0.050355 -0.001526 0.997462 0.533404 0.208149
258 0.002538 -0.050355 -0.001526 0.997462 0.525480 0.062009
259 0.002538 -0.050355 -0.001526 0.997462 0.507468 0.027648
260 0.002538 -0.050355 -0.001526 0.997462 0.537386 0.068651
261 0.002538 -0.050355 -0.001526 0.997462 0.515364 0.051630
262 0.002538 -0.050355 -0.001526 0.997462 0.534843 0.112567
263 0.002538 -0.050355 -0.001526 0.997462 0.528284 0.154259
264 0.002538 -0.050355 -0.001526 0.997462 0.499544 0.048623
265 0.002538 -0.050355 -0.001526 0.997462 0.507245 0.023581
266 0.002538 -0.050355 -0.001526 0.997462 0.546892 0.113223
267 0.002538 -0.050355 -0.001526 0.997462 0.532894 0.022541
268 0.002538 -0.050355 -0.001526 0.997462 0.528654 0.061416
269 0.002538 -0.050355 -0.001526 0.997462 0.524506 0.095260
270 0.002538 -0.050355 -0.001526 0.997462 0.514846 0.029793
271 0.002538 -0.050355 -0.001526 0.997462 0.513496 0.021623
272 0.002538 -0.050355 -0.001526 0.997462 0.532489 0.074975
273 0.002538 -0.050355 -0.001526 0.997462 0.547726 0.093678
274 0.002538 -0.050355 -0.001526 0.997462 0.526433 0.011206
275 0.002538 -0.050355 -0.001526 0.997462 0.540069 0.003937
276 0.002538 -0.050355 -0.001526 0.997462 0.534727 0.021577
277 0.002538 -0.050355 -0.001526 0.997462 0.545916 0.060941
278 0.002538 -0.050355 -0.001526 0.997462 0.501452 0.021733
279 0.002538 -0.050355 -0.001526 0.997462 0.534952 0.058293
280 0.002538 -0.050355 -0.001526 0.997462 0.527854 0.153000
281 0.002538 -0.050355 -0.001526 0.997462 0.478362 0.019793
282 0.002538 -0.050355 -0.001526 0.997462 0.499883 0.008729
283 0.002538 -0.050355 -0.001526 0.997462 0.537216 0.026159
284 0.002538 -0.050355 -0.001526 0.997462 0.523501 0.002456
285 0.002538 -0.050355 -0.001526 0.997462 0.520331 0.007810
286 0.002538 -0.050355 -0.001526 0.997462 0.516258 0.021625
287 0.002538 -0.050355 -0.001526 0.997462 0.513921 0.024747
288 0.002538 -0.050355 -0.001526 0.997462 0.516198 0.018027
289 0.002538 -0.050355 -0.001526 0.997462 0.492397 0.043977
290 0.002538 -0.050355 -0.001526 0.997462 0.506703 0.031509
291 0.002538 -0.050355 -0.001526 0.997462 0.541374 0.060205
292 0.002538 -0.050355 -0.001526 0.997462 0.526350 0.008462
293 0.002538 -0.050355 -0.001526 0.997462 0.509023 0.156923
294 0.002538 -0.050355 -0.001526 0.997462 0.519885 0.069180
295 0.002538 -0.050355 -0.001526 0.997462 0.510689 0.056374
296 0.002538 -0.050355 -0.001526 0.997462 0.502058 0.061309
297 0.002538 -0.050355 -0.001526 0.997462 0.499260 0.023647
298 0.002538 -0.050355 -0.001526 0.997462 0.530765 0.037794
299 0.002538 -0.050355 -0.001526 0.997462 0.509817 0.027864
300 0.002538 -0.050355 -0.001526 0.997462 0.503399 0.003958
301 0.002538 -0.050355 -0.001526 0.997462 0.506112 0.081043
302 0.002538 -0.050355 -0.001526 0.997462 0.513383 0.086327
303 0.002538 -0.050355 -0.001526 0.997462 0.539148 0.156420
304 0.002538 -0.050355 -0.001526 0.997462 0.518823 0.079012
305 0.002538 -0.050355 -0.001526 0.997462 0.522619 0.059178
306 0.002538 -0.050355 -0.001526 0.997462 0.531555 0.191241
307 0.002538 -0.050355 -0.001526 0.997462 0.526421 0.048949
308 0.002538 -0.050355 -0.001526 0.997462 0.538291 0.025378
309 0.002538 -0.050355 -0.001526 0.997462 0.509249 0.004277
310 0.002538 -0.050355 -0.001526 0.997462 0.513953 0.024444
311 0.002538 -0.050355 -0.001526 0.997462 0.537336 0.006956
312 0.002538 -0.050355 -0.001526 0.997462 0.541491 0.002575
313 0.002538 -0.050355 -0.001526 0.997462 0.523060 0.022640
314 0.002538 -0.050355 -0.001526 0.997462 0.548166 0.012591
315 0.002538 -0.050355 -0.001526 0.997462 0.502887 0.037237
316 0.002538 -0.050355 -0.001526 0.997462 0.505252 0.077649
317 0.002538 -0.050355 -0.001526 0.997462 0.487726 0.056794
318 0.002538 -0.050355 -0.001526 0.997462 0.514348 0.080738
319 0.002538 -0.050355 -0.001526 0.997462 0.498834 0.115374
320 0.002538 -0.050355 -0.001526 0.997462 0.503644 0.025605
321 0.002538 -0.050355 -0.001526 0.997462 0.499723 0.061367
322 0.002538 -0.050355 -0.001526 0.997462 0.501884 0.006801
323 0.002538 -0.050355 -0.001526 0.997462 0.532824 0.184194
324 0.002538 -0.050355 -0.001526 0.997462 0.526740 0.005386
325 0.002538 -0.050355 -0.001526 0.997462 0.521109 0.009893
326 0.002538 -0.050355 -0.001526 0.997462 0.520576 0.003814
327 0.002538 -0.050355 -0.001526 0.997462 0.489969 0.005123
328 0.002538 -0.050355 -0.001526 0.997462 0.542226 0.100389
329 0.002538 -0.050355 -0.001526 0.997462 0.536846 0.002999
330 0.002538 -0.050355 -0.001526 0.997462 0.527612 0.021975
331 0.002538 -0.050355 -0.001526 0.997462 0.516361 0.004691
332 0.002538 -0.050355 -0.001526 0.997462 0.499848 0.008792
333 0.002538 -0.050355 -0.001526 0.997462 0.511731 0.027963
334 0.002538 -0.050355 -0.001526 0.997462 0.525767 0.029853
335 0.002538 -0.050355 -0.001526 0.997462 0.528452 0.063555
336 0.002538 -0.050355 -0.001526 0.997462 0.508344 0.004595
337 0.002538 -0.050355 -0.001526 0.997462 0.508537 0.029579
338 0.002538 -0.050355 -0.001526 0.997462 0.512267 0.056365
339 0.002538 -0.050355 -0.001526 0.997462 0.510726 0.082699
340 0.002538 -0.050355 -0.001526 0.997462 0.532625 0.204368
341 0.002538 -0.050355 -0.001526 0.997462 0.524127 0.074945
342 0.002538 -0.050355 -0.001526 0.997462 0.534968 0.135421
343 0.002538 -0.050355 -0.001526 0.997462 0.511264 0.058214
344 0.002538 -0.050355 -0.001526 0.997462 0.516876 0.059807
345 0.002538 -0.050355 -0.001526 0.997462 0.504876 0.022937
346 0.002538 -0.050355 -0.001526 0.997462 0.521861 0.114991
347 0.002538 -0.050355 -0.001526 0.997462 0.516031 0.074279
348 0.002538 -0.050355 -0.001526 0.997462 0.491543 0.042722
349 0.002538 -0.050355 -0.001526 0.997462 0.483952 0.031285
350 0.002538 -0.050355 -0.001526 0.997462 0.478252 0.058230
351 0.002538 -0.050355 -0.001526 0.997462 0.506458 0.300706
352 0.002538 -0.050355 -0.001526 0.997462 0.506258 0.086910
353 0.002538 -0.050355 -0.001526 0.997462 0.506995 0.114368
354 0.002538 -0.050355 -0.001526 0.997462 0.527711 0.087936
355 0.002538 -0.050355 -0.001526 0.997462 0.535000 0.021917
356 0.002538 -0.050355 -0.001526 0.997462 0.516551 0.027114
357 0.002538 -0.050355 -0.001526 0.997462 0.515953 0.098943
358 0.002538 -0.050355 -0.001526 0.997462 0.516044 0.059202
359 0.002538 -0.050355 -0.001526 0.997462 0.508462 0.016302
360 0.002538 -0.050355 -0.001526 0.997462 0.514713 0.023354
361 0.002538 -0.050355 -0.001526 0.997462 0.491224 0.056858
362 0.002538 -0.050355 -0.001526 0.997462 0.538759 0.021751
363 0.002538 -0.050355 -0.001526 0.997462 0.474349 0.010635
364 0.002538 -0.050355 -0.001526 0.997462 0.512065 0.059829
365 0.002538 -0.050355 -0.001526 0.997462 0.530984 0.076303
366 0.002538 -0.050355 -0.001526 0.997462 0.540815 0.083325
367 0.002538 -0.050355 -0.001526 0.997462 0.502459 0.021444
368 0.002538 -0.050355 -0.001526 0.997462 0.502923 0.020261
369 0.002538 -0.050355 -0.001526 0.997462 0.495360 0.056401
370 0.002538 -0.050355 -0.001526 0.997462 0.503723 0.033734
371 0.002538 -0.050355 -0.001526 0.997462 0.507963 0.013304
372 0.002538 -0.050355 -0.001526 0.997462 0.513468 0.030873
373 0.002538 -0.050355 -0.001526 0.997462 0.525177 0.006332
374 0.002538 -0.050355 -0.001526 0.997462 0.507588 0.035106
375 0.002538 -0.050355 -0.001526 0.997462 0.493560 0.002693
376 0.002538 -0.050355 -0.001526 0.997462 0.508952 0.079703
377 0.002538 -0.050355 -0.001526 0.997462 0.493278 0.003762
378 0.002538 -0.050355 -0.001526 0.997462 0.531063 0.003908
379 0.002538 -0.050355 -0.001526 0.997462 0.514169 0.058149
380 0.002538 -0.050355 -0.001526 0.997462 0.504849 0.062144
381 0.002538 -0.050355 -0.001526 0.997462 0.485481 0.011499
382 0.002538 -0.050355 -0.001526 0.997462 0.492875 0.056521
383 0.002538 -0.050355 -0.001526 0.997462 0.534718 0.078865
384 0.002538 -0.050355 -0.001526 0.997462 0.558767 0.076770
385 0.002538 -0.050355 -0.001526 0.997462 0.521397 0.063150
386 0.002538 -0.050355 -0.001526 0.997462 0.536764 0.059134
387 0.002538 -0.050355 -0.001526 0.997462 0.518258 0.030343
388 0.002538 -0.050355 -0.001526 0.997462 0.520332 0.105876
389 0.002538 -0.050355 -0.001526 0.997462 0.520446 0.154637
390 0.002538 -0.050355 -0.001526 0.997462 0.533742 0.111196
391 0.002538 -0.050355 -0.001526 0.997462 0.507515 0.038761
392 0.002538 -0.050355 -0.001526 0.997462 0.503127 0.087560
393 0.002538 -0.050355 -0.001526 0.997462 0.478875 0.045272
394 0.002538 -0.050355 -0.001526 0.997462 0.526905 0.029650
395 0.002538 -0.050355 -0.001526 0.997462 0.501627 0.072232
396 0.002538 -0.050355 -0.001526 0.997462 0.467569 0.124956
397 0.002538 -0.050355 -0.001526 0.997462 0.506428 0.057432
398 0.002538 -0.050355 -0.001526 0.997462 0.492713 0.068735
399 0.002538 -0.050355 -0.001526 0.997462 0.507071 0.074178
400 0.002538 -0.050355 -0.001526 0.997462 0.535922 0.024941
401 0.002538 -0.050355 -0.001526 0.997462 0.466594 0.002458
402 0.002538 -0.050355 -0.001526 0.997462 0.513958 0.021529
403 0.002538 -0.050355 -0.001526 0.997462 0.503994 0.021468
404 0.002538 -0.050355 -0.001526 0.997462 0.507181 0.073771
405 0.002538 -0.050355 -0.001526 0.997462 0.502541 0.003972
406 0.002538 -0.050355 -0.001526 0.997462 0.501296 0.078605
407 0.002538 -0.050355 -0.001526 0.997462 0.489497 0.014682
408 0.002538 -0.050355 -0.001526 0.997462 0.544885 0.022184
409 0.002538 -0.050355 -0.001526 0.997462 0.509154 0.047393
410 0.002538 -0.050355 -0.001526 0.997462 0.537592 0.043385
411 0.002538 -0.050355 -0.001526 0.997462 0.471939 0.051411
412 0.002538 -0.050355 -0.001526 0.997462 0.490365 0.030036
413 0.002538 -0.050355 -0.001526 0.997462 0.519083 0.022072
414 0.002538 -0.050355 -0.001526 0.997462 0.487156 0.052993
415 0.002538 -0.050355 -0.001526 0.997462 0.491610 0.050003
416 0.002538 -0.050355 -0.001526 0.997462 0.515786 0.038256
417 0.002538 -0.050355 -0.001526 0.997462 0.512907 0.089242
418 0.002538 -0.050355 -0.001526 0.997462 0.479484 0.101968
419 0.002538 -0.050355 -0.001526 0.997462 0.474330 0.105821
420 0.002538 -0.050355 -0.001526 0.997462 0.514686 0.026872
421 0.002538 -0.050355 -0.001526 0.997462 0.497210 0.043152
422 0.002538 -0.050355 -0.001526 0.997462 0.474342 0.069901
423 0.002538 -0.050355 -0.001526 0.997462 0.491370 0.030958
424 0.002538 -0.050355 -0.001526 0.997462 0.500444 0.087729
425 0.002538 -0.050355 -0.001526 0.997462 0.467082 0.049367
426 0.002538 -0.050355 -0.001526 0.997462 0.517755 0.030364
427 0.002538 -0.050355 -0.001526 0.997462 0.556700 0.048911
428 0.002538 -0.050355 -0.001526 0.997462 0.535842 0.022337
429 0.002538 -0.050355 -0.001526 0.997462 0.503176 0.063670
430 0.002538 -0.050355 -0.001526 0.997462 0.513185 0.053034
431 0.002538 -0.050355 -0.001526 0.997462 0.521113 0.090418
432 0.002538 -0.050355 -0.001526 0.997462 0.531512 0.158318
433 0.002538 -0.050355 -0.001526 0.997462 0.533190 0.155661
434 0.002538 -0.050355 -0.001526 0.997462 0.495804 0.071388
435 0.002538 -0.050355 -0.001526 0.997462 0.505724 0.129504
436 0.002538 -0.050355 -0.001526 0.997462 0.507453 0.045871
437 0.002538 -0.050355 -0.001526 0.997462 0.515296 0.036401
438 0.002538 -0.050355 -0.001526 0.997462 0.497639 0.047422
439 0.002538 -0.050355 -0.001526 0.997462 0.510064 0.003509
440 0.002538 -0.050355 -0.001526 0.997462 0.532066 0.023043
441 0.002538 -0.050355 -0.001526 0.997462 0.521211 0.031976
442 0.002538 -0.050355 -0.001526 0.997462 0.485694 0.024313
443 0.002538 -0.050355 -0.001526 0.997462 0.531320 0.039294
444 0.002538 -0.050355 -0.001526 0.997462 0.519224 0.066350
445 0.002538 -0.050355 -0.001526 0.997462 0.523095 0.027986
446 0.002538 -0.050355 -0.001526 0.997462 0.526087 0.059376
447 0.002538 -0.050355 -0.001526 0.997462 0.479816 0.012225
448 0.002538 -0.050355 -0.001526 0.997462 0.510611 0.066448
449 0.002538 -0.050355 -0.001526 0.997462 0.517855 0.021490
450 0.002538 -0.050355 -0.001526 0.997462 0.507443 0.002973
451 0.002538 -0.050355 -0.001526 0.997462 0.510584 0.044212
452 0.002538 -0.050355 -0.001526 0.997462 0.509380 0.073427
453 0.002538 -0.050355 -0.001526 0.997462 0.508382 0.047966
454 0.002538 -0.050355 -0.001526 0.997462 0.524797 0.004293
455 0.002538 -0.050355 -0.001526 0.997462 0.502325 0.016283
456 0.002538 -0.050355 -0.001526 0.997462 0.495038 0.041353
457 0.002538 -0.050355 -0.001526 0.997462 0.507572 0.101320
458 0.002538 -0.050355 -0.001526 0.997462 0.509707 0.062937
459 0.002538 -0.050355 -0.001526 0.997462 0.496368 0.002937
460 0.002538 -0.050355 -0.001526 0.997462 0.521370 0.066363
461 0.002538 -0.050355 -0.001526 0.997462 0.510693 0.006249
462 0.002538 -0.050355 -0.001526 0.997462 0.514376 0.023044
463 0.002538 -0.050355 -0.001526 0.997462 0.513552 0.053559
464 0.002538 -0.050355 -0.001526 0.997462 0.505940 0.034719
465 0.002538 -0.050355 -0.001526 0.997462 0.500766 0.033958
466 0.002538 -0.050355 -0.001526 0.997462 0.503480 0.008262
467 0.002538 -0.050355 -0.001526 0.997462 0.528070 0.002568
468 0.002538 -0.050355 -0.001526 0.997462 0.517331 0.050735
469 0.002538 -0.050355 -0.001526 0.997462 0.519643 0.033212
470 0.002538 -0.050355 -0.001526 0.997462 0.510138 0.037038
471 0.002538 -0.050355 -0.001526 0.997462 0.515865 0.022038
472 0.002538 -0.050355 -0.001526 0.997462 0.524181 0.023138
473 0.002538 -0.050355 -0.001526 0.997462 0.506439 0.022473
474 0.002538 -0.050355 -0.001526 0.997462 0.494451 0.007388
475 0.002538 -0.050355 -0.001526 0.997462 0.511774 0.039735
476 0.002538 -0.050355 -0.001526 0.997462 0.532387 0.147096
477 0.002538 -0.050355 -0.001526 0.997462 0.542116 0.002493
478 0.002538 -0.050355 -0.001526 0.997462 0.543745 0.245317
479 0.002538 -0.050355 -0.001526 0.997462 0.508242 0.045396
480 0.002538 -0.050355 -0.001526 0.997462 0.518120 0.008747
481 0.002538 -0.050355 -0.001526 0.997462 0.485833 0.004347
482 0.002538 -0.050355 -0.001526 0.997462 0.505364 0.051562
483 0.002538 -0.050355 -0.001526 0.997462 0.514543 0.023198
484 0.002538 -0.050355 -0.001526 0.997462 0.518122 0.002484
485 0.002538 -0.050355 -0.001526 0.997462 0.520587 0.007140
486 0.002538 -0.050355 -0.001526 0.997462 0.498837 0.047971
487 0.002538 -0.050355 -0.001526 0.997462 0.540934 0.027739
488 0.002538 -0.050355 -0.001526 0.997462 0.506048 0.003978
489 0.002538 -0.050355 -0.001526 0.997462 0.522244 0.156531
490 0.002538 -0.050355 -0.001526 0.997462 0.484224 0.024375
491 0.002538 -0.050355 -0.001526 0.997462 0.538993 0.016803
492 0.002538 -0.050355 -0.001526 0.997462 0.523889 0.018746
493 0.002538 -0.050355 -0.001526 0.997462 0.509490 0.004714
494 0.002538 -0.050355 -0.001526 0.997462 0.540577 0.003945
495 0.002538 -0.050355 -0.001526 0.997462 0.544765 0.024031
496 0.002538 -0.050355 -0.001526 0.997462 0.505863 0.023668
497 0.002538 -0.050355 -0.001526 0.997462 0.513984 0.069254
498 0.002538 -0.050355 -0.001526 0.997462 0.522706 0.021921
499 0.002538 -0.050355 -0.001526 0.997462 0.501942 0.025287
