Lp  F6        x1       x2        Ocena     Średni    Najgorszy
0 0.081091 -2.946517 5.293355 0.918909 0.500375 0.229022
1 0.081091 -2.946517 5.293355 0.918909 0.508219 0.230385
2 0.081091 -2.946517 5.293355 0.918909 0.504632 0.364105
3 0.081091 -2.946517 5.293355 0.918909 0.485990 0.159951
4 0.081091 -2.946517 5.293355 0.918909 0.500863 0.290783
5 0.081091 -2.946517 5.293355 0.918909 0.508875 0.263649
6 0.045230 -6.184482 -1.527428 0.954770 0.507687 0.158630
7 0.045230 -6.184482 -1.527428 0.954770 0.501736 0.212224
8 0.045230 -6.184482 -1.527428 0.954770 0.495127 0.114120
9 0.045230 -6.184482 -1.527428 0.954770 0.507322 0.408406
10 0.045230 -6.184482 -1.527428 0.954770 0.505712 0.338051
11 0.045230 -6.184482 -1.527428 0.954770 0.497579 0.136736
12 0.045230 -6.184482 -1.527428 0.954770 0.495540 0.232645
13 0.045230 -6.184482 -1.527428 0.954770 0.482500 0.145052
14 0.045230 -6.184482 -1.527428 0.954770 0.490232 0.056977
15 0.045230 -6.184482 -1.527428 0.954770 0.502054 0.248265
16 0.045230 -6.184482 -1.527428 0.954770 0.512878 0.331604
17 0.045230 -6.184482 -1.527428 0.954770 0.499438 0.173636
18 0.045230 -6.184482 -1.527428 0.954770 0.498238 0.121616
19 0.045230 -6.184482 -1.527428 0.954770 0.495992 0.151227
20 0.045230 -6.184482 -1.527428 0.954770 0.504913 0.313414
21 0.045230 -6.184482 -1.527428 0.954770 0.498401 0.179827
22 0.045230 -6.184482 -1.527428 0.954770 0.498132 0.130674
23 0.045230 -6.184482 -1.527428 0.954770 0.500683 0.293576
24 0.045230 -6.184482 -1.527428 0.954770 0.497751 0.069288
25 0.045230 -6.184482 -1.527428 0.954770 0.497308 0.336383
26 0.045230 -6.184482 -1.527428 0.954770 0.493893 0.105252
27 0.045230 -6.184482 -1.527428 0.954770 0.495267 0.044189
28 0.045230 -6.184482 -1.527428 0.954770 0.498299 0.136568
29 0.045230 -6.184482 -1.527428 0.954770 0.496252 0.204850
30 0.045230 -6.184482 -1.527428 0.954770 0.496597 0.139772
31 0.045230 -6.184482 -1.527428 0.954770 0.512884 0.401876
32 0.045230 -6.184482 -1.527428 0.954770 0.489480 0.102162
33 0.045230 -6.184482 -1.527428 0.954770 0.499289 0.168591
34 0.045230 -6.184482 -1.527428 0.954770 0.507745 0.152708
35 0.045230 -6.184482 -1.527428 0.954770 0.504498 0.330951
36 0.045230 -6.184482 -1.527428 0.954770 0.492649 0.149265
37 0.045230 -6.184482 -1.527428 0.954770 0.496570 0.106323
38 0.045230 -6.184482 -1.527428 0.954770 0.500831 0.228056
39 0.040943 -0.151064 6.211948 0.959057 0.510765 0.254973
40 0.040943 -0.151064 6.211948 0.959057 0.499976 0.101977
41 0.040943 -0.151064 6.211948 0.959057 0.497130 0.060797
42 0.040943 -0.151064 6.211948 0.959057 0.501944 0.176847
43 0.040943 -0.151064 6.211948 0.959057 0.498937 0.302023
44 0.040943 -0.151064 6.211948 0.959057 0.497195 0.293723
45 0.040943 -0.151064 6.211948 0.959057 0.501758 0.403370
46 0.040943 -0.151064 6.211948 0.959057 0.508541 0.307373
47 0.040943 -0.151064 6.211948 0.959057 0.502022 0.385756
48 0.040943 -0.151064 6.211948 0.959057 0.507290 0.392620
49 0.040943 -0.151064 6.211948 0.959057 0.495265 0.102741
50 0.040943 -0.151064 6.211948 0.959057 0.512575 0.347493
51 0.040943 -0.151064 6.211948 0.959057 0.486633 0.234674
52 0.040943 -0.151064 6.211948 0.959057 0.505294 0.384588
53 0.040943 -0.151064 6.211948 0.959057 0.506387 0.359210
54 0.040943 -0.151064 6.211948 0.959057 0.502369 0.280452
55 0.040943 -0.151064 6.211948 0.959057 0.508616 0.095744
56 0.040943 -0.151064 6.211948 0.959057 0.498346 0.363034
57 0.040943 -0.151064 6.211948 0.959057 0.485836 0.028955
58 0.040943 -0.151064 6.211948 0.959057 0.500423 0.215336
59 0.040943 -0.151064 6.211948 0.959057 0.499181 0.153348
60 0.040943 -0.151064 6.211948 0.959057 0.498168 0.326763
61 0.040943 -0.151064 6.211948 0.959057 0.501209 0.315150
62 0.040943 -0.151064 6.211948 0.959057 0.498933 0.065956
63 0.040943 -0.151064 6.211948 0.959057 0.500717 0.310804
64 0.040943 -0.151064 6.211948 0.959057 0.494203 0.297527
65 0.040943 -0.151064 6.211948 0.959057 0.491603 0.219126
66 0.040943 -0.151064 6.211948 0.959057 0.487594 0.103498
67 0.040943 -0.151064 6.211948 0.959057 0.506349 0.346143
68 0.040943 -0.151064 6.211948 0.959057 0.505607 0.131664
69 0.040943 -0.151064 6.211948 0.959057 0.501786 0.410545
70 0.040943 -0.151064 6.211948 0.959057 0.491367 0.171406
71 0.040943 -0.151064 6.211948 0.959057 0.501296 0.210361
72 0.040943 -0.151064 6.211948 0.959057 0.493189 0.210368
73 0.040943 -0.151064 6.211948 0.959057 0.500829 0.295201
74 0.040943 -0.151064 6.211948 0.959057 0.504030 0.263938
75 0.040943 -0.151064 6.211948 0.959057 0.510643 0.250921
76 0.040943 -0.151064 6.211948 0.959057 0.498111 0.157272
77 0.040943 -0.151064 6.211948 0.959057 0.488093 0.203886
78 0.040943 -0.151064 6.211948 0.959057 0.494989 0.061449
79 0.040943 -0.151064 6.211948 0.959057 0.502489 0.282388
80 0.040943 -0.151064 6.211948 0.959057 0.496449 0.325434
81 0.040943 -0.151064 6.211948 0.959057 0.487361 0.090532
82 0.040943 -0.151064 6.211948 0.959057 0.499183 0.209383
83 0.040943 -0.151064 6.211948 0.959057 0.498666 0.339290
84 0.040943 -0.151064 6.211948 0.959057 0.504085 0.274485
85 0.040943 -0.151064 6.211948 0.959057 0.501739 0.319912
86 0.040943 -0.151064 6.211948 0.959057 0.498670 0.118479
87 0.040943 -0.151064 6.211948 0.959057 0.503545 0.169489
88 0.040943 -0.151064 6.211948 0.959057 0.498345 0.274232
89 0.040943 -0.151064 6.211948 0.959057 0.496755 0.266135
90 0.040943 -0.151064 6.211948 0.959057 0.501967 0.257441
91 0.040943 -0.151064 6.211948 0.959057 0.495701 0.285268
92 0.040943 -0.151064 6.211948 0.959057 0.510424 0.252267
93 0.040943 -0.151064 6.211948 0.959057 0.501916 0.372548
94 0.040943 -0.151064 6.211948 0.959057 0.493402 0.306468
95 0.040943 -0.151064 6.211948 0.959057 0.500050 0.294676
96 0.040943 -0.151064 6.211948 0.959057 0.509479 0.206510
97 0.040943 -0.151064 6.211948 0.959057 0.507685 0.056971
98 0.040943 -0.151064 6.211948 0.959057 0.491445 0.131965
99 0.040943 -0.151064 6.211948 0.959057 0.497834 0.281799
100 0.040943 -0.151064 6.211948 0.959057 0.499331 0.231725
101 0.040943 -0.151064 6.211948 0.959057 0.500021 0.264386
102 0.040943 -0.151064 6.211948 0.959057 0.495493 0.153262
103 0.040943 -0.151064 6.211948 0.959057 0.506440 0.406367
104 0.040943 -0.151064 6.211948 0.959057 0.498961 0.089110
105 0.040943 -0.151064 6.211948 0.959057 0.492117 0.160474
106 0.040943 -0.151064 6.211948 0.959057 0.493462 0.165989
107 0.040943 -0.151064 6.211948 0.959057 0.496264 0.205298
108 0.040943 -0.151064 6.211948 0.959057 0.505373 0.341617
109 0.040943 -0.151064 6.211948 0.959057 0.507303 0.318714
110 0.040943 -0.151064 6.211948 0.959057 0.496350 0.251653
111 0.040943 -0.151064 6.211948 0.959057 0.496615 0.293673
112 0.040943 -0.151064 6.211948 0.959057 0.500703 0.166974
113 0.040943 -0.151064 6.211948 0.959057 0.514051 0.333395
114 0.040943 -0.151064 6.211948 0.959057 0.494346 0.018100
115 0.040943 -0.151064 6.211948 0.959057 0.506992 0.103309
116 0.040943 -0.151064 6.211948 0.959057 0.499753 0.227746
117 0.040943 -0.151064 6.211948 0.959057 0.503674 0.114698
118 0.040943 -0.151064 6.211948 0.959057 0.493256 0.022341
119 0.040943 -0.151064 6.211948 0.959057 0.501378 0.223005
120 0.013998 1.506065 2.677958 0.986002 0.505323 0.072443
121 0.013998 1.506065 2.677958 0.986002 0.492593 0.222378
122 0.013998 1.506065 2.677958 0.986002 0.496555 0.074449
123 0.013998 1.506065 2.677958 0.986002 0.500579 0.317304
124 0.013998 1.506065 2.677958 0.986002 0.499146 0.104561
125 0.013998 1.506065 2.677958 0.986002 0.496965 0.309466
126 0.013998 1.506065 2.677958 0.986002 0.496687 0.299088
127 0.013998 1.506065 2.677958 0.986002 0.502257 0.194333
128 0.013998 1.506065 2.677958 0.986002 0.495546 0.293262
129 0.013998 1.506065 2.677958 0.986002 0.489168 0.211452
130 0.013998 1.506065 2.677958 0.986002 0.503232 0.272246
131 0.013998 1.506065 2.677958 0.986002 0.493242 0.163939
132 0.013998 1.506065 2.677958 0.986002 0.499274 0.104834
133 0.013998 1.506065 2.677958 0.986002 0.502816 0.196707
134 0.013998 1.506065 2.677958 0.986002 0.495744 0.164974
135 0.013998 1.506065 2.677958 0.986002 0.502089 0.152847
136 0.013998 1.506065 2.677958 0.986002 0.507398 0.250953
137 0.013998 1.506065 2.677958 0.986002 0.494091 0.065770
138 0.013998 1.506065 2.677958 0.986002 0.493192 0.032000
139 0.013998 1.506065 2.677958 0.986002 0.491429 0.263383
140 0.013998 1.506065 2.677958 0.986002 0.493440 0.256130
141 0.013998 1.506065 2.677958 0.986002 0.496048 0.104165
142 0.013998 1.506065 2.677958 0.986002 0.515560 0.148899
143 0.013998 1.506065 2.677958 0.986002 0.493548 0.071400
144 0.013998 1.506065 2.677958 0.986002 0.502894 0.274398
145 0.013998 1.506065 2.677958 0.986002 0.504622 0.300677
146 0.013998 1.506065 2.677958 0.986002 0.509535 0.260647
147 0.013998 1.506065 2.677958 0.986002 0.496112 0.204924
148 0.013998 1.506065 2.677958 0.986002 0.510207 0.342805
149 0.013998 1.506065 2.677958 0.986002 0.499804 0.252089
150 0.013998 1.506065 2.677958 0.986002 0.502463 0.178667
151 0.013998 1.506065 2.677958 0.986002 0.499233 0.321255
152 0.013998 1.506065 2.677958 0.986002 0.488783 0.037315
153 0.013998 1.506065 2.677958 0.986002 0.500875 0.370462
154 0.013998 1.506065 2.677958 0.986002 0.495785 0.334083
155 0.013998 1.506065 2.677958 0.986002 0.505949 0.104693
156 0.013998 1.506065 2.677958 0.986002 0.506166 0.168072
157 0.013998 1.506065 2.677958 0.986002 0.499399 0.241832
158 0.013998 1.506065 2.677958 0.986002 0.496957 0.310962
159 0.013998 1.506065 2.677958 0.986002 0.497582 0.328576
160 0.013998 1.506065 2.677958 0.986002 0.492617 0.205965
161 0.013998 1.506065 2.677958 0.986002 0.501679 0.211445
162 0.013998 1.506065 2.677958 0.986002 0.500183 0.203605
163 0.013998 1.506065 2.677958 0.986002 0.511136 0.236609
164 0.013998 1.506065 2.677958 0.986002 0.493269 0.103779
165 0.013998 1.506065 2.677958 0.986002 0.499462 0.251989
166 0.013998 1.506065 2.677958 0.986002 0.501387 0.149597
167 0.013998 1.506065 2.677958 0.986002 0.503522 0.300804
168 0.013998 1.506065 2.677958 0.986002 0.501165 0.203483
169 0.013998 1.506065 2.677958 0.986002 0.506572 0.152602
170 0.013998 1.506065 2.677958 0.986002 0.496367 0.106202
171 0.013998 1.506065 2.677958 0.986002 0.493731 0.055473
172 0.013998 1.506065 2.677958 0.986002 0.500545 0.187482
173 0.013998 1.506065 2.677958 0.986002 0.479576 0.028886
174 0.013998 1.506065 2.677958 0.986002 0.491303 0.215699
175 0.013998 1.506065 2.677958 0.986002 0.495964 0.215519
176 0.013998 1.506065 2.677958 0.986002 0.509770 0.215034
177 0.013998 1.506065 2.677958 0.986002 0.504028 0.351745
178 0.013998 1.506065 2.677958 0.986002 0.498275 0.208768
179 0.013998 1.506065 2.677958 0.986002 0.506943 0.116477
180 0.013998 1.506065 2.677958 0.986002 0.503090 0.404088
181 0.013998 1.506065 2.677958 0.986002 0.490820 0.180541
182 0.013998 1.506065 2.677958 0.986002 0.507944 0.365782
183 0.013998 1.506065 2.677958 0.986002 0.506574 0.180570
184 0.013998 1.506065 2.677958 0.986002 0.493045 0.106148
185 0.013998 1.506065 2.677958 0.986002 0.499737 0.168483
186 0.013998 1.506065 2.677958 0.986002 0.497863 0.113540
187 0.013998 1.506065 2.677958 0.986002 0.507760 0.225515
188 0.013998 1.506065 2.677958 0.986002 0.497938 0.395669
189 0.013998 1.506065 2.677958 0.986002 0.507770 0.400119
190 0.013998 1.506065 2.677958 0.986002 0.497629 0.372809
191 0.013998 1.506065 2.677958 0.986002 0.503788 0.362239
192 0.013998 1.506065 2.677958 0.986002 0.491068 0.162839
193 0.013998 1.506065 2.677958 0.986002 0.500331 0.308241
194 0.013998 1.506065 2.677958 0.986002 0.493887 0.098031
195 0.013998 1.506065 2.677958 0.986002 0.499257 0.229961
196 0.013998 1.506065 2.677958 0.986002 0.502771 0.231264
197 0.013998 1.506065 2.677958 0.986002 0.508961 0.167652
198 0.013998 1.506065 2.677958 0.986002 0.495683 0.044725
199 0.013998 1.506065 2.677958 0.986002 0.501256 0.057691
200 0.013998 1.506065 2.677958 0.986002 0.506828 0.436341
201 0.013998 1.506065 2.677958 0.986002 0.491276 0.015638
202 0.013998 1.506065 2.677958 0.986002 0.494257 0.102999
203 0.013998 1.506065 2.677958 0.986002 0.497859 0.361959
204 0.013998 1.506065 2.677958 0.986002 0.506958 0.167846
205 0.013998 1.506065 2.677958 0.986002 0.494789 0.092719
206 0.013998 1.506065 2.677958 0.986002 0.502313 0.263525
207 0.013998 1.506065 2.677958 0.986002 0.482961 0.011697
208 0.013998 1.506065 2.677958 0.986002 0.497791 0.263313
209 0.013998 1.506065 2.677958 0.986002 0.498044 0.193798
210 0.013998 1.506065 2.677958 0.986002 0.508819 0.409687
211 0.013998 1.506065 2.677958 0.986002 0.486965 0.098871
212 0.013998 1.506065 2.677958 0.986002 0.503030 0.317788
213 0.013998 1.506065 2.677958 0.986002 0.495091 0.186284
214 0.013998 1.506065 2.677958 0.986002 0.488200 0.106652
215 0.013998 1.506065 2.677958 0.986002 0.491787 0.178927
216 0.013998 1.506065 2.677958 0.986002 0.509578 0.361925
217 0.013998 1.506065 2.677958 0.986002 0.494181 0.152938
218 0.013998 1.506065 2.677958 0.986002 0.509099 0.395538
219 0.013998 1.506065 2.677958 0.986002 0.490816 0.097466
220 0.013998 1.506065 2.677958 0.986002 0.498958 0.300234
221 0.013998 1.506065 2.677958 0.986002 0.500536 0.241737
222 0.013998 1.506065 2.677958 0.986002 0.512032 0.387366
223 0.013998 1.506065 2.677958 0.986002 0.503819 0.168607
224 0.013998 1.506065 2.677958 0.986002 0.502764 0.318961
225 0.013998 1.506065 2.677958 0.986002 0.497039 0.098691
226 0.013998 1.506065 2.677958 0.986002 0.496540 0.251026
227 0.013998 1.506065 2.677958 0.986002 0.500728 0.320475
228 0.013998 1.506065 2.677958 0.986002 0.497282 0.205945
229 0.013998 1.506065 2.677958 0.986002 0.501161 0.312895
230 0.013998 1.506065 2.677958 0.986002 0.507309 0.252171
231 0.013998 1.506065 2.677958 0.986002 0.484407 0.152601
232 0.013998 1.506065 2.677958 0.986002 0.514307 0.312474
233 0.013998 1.506065 2.677958 0.986002 0.506565 0.220988
234 0.013998 1.506065 2.677958 0.986002 0.496021 0.298241
235 0.013998 1.506065 2.677958 0.986002 0.501941 0.230205
236 0.013998 1.506065 2.677958 0.986002 0.503639 0.077774
237 0.013998 1.506065 2.677958 0.986002 0.481894 0.203399
238 0.013998 1.506065 2.677958 0.986002 0.506211 0.285508
239 0.013998 1.506065 2.677958 0.986002 0.502109 0.177099
240 0.013998 1.506065 2.677958 0.986002 0.503748 0.171846
241 0.013998 1.506065 2.677958 0.986002 0.496010 0.111897
242 0.013998 1.506065 2.677958 0.986002 0.497046 0.202539
243 0.013998 1.506065 2.677958 0.986002 0.501728 0.394924
244 0.013998 1.506065 2.677958 0.986002 0.499052 0.136893
245 0.013998 1.506065 2.677958 0.986002 0.498719 0.111738
246 0.013998 1.506065 2.677958 0.986002 0.499404 0.303566
247 0.013998 1.506065 2.677958 0.986002 0.511241 0.232759
248 0.013998 1.506065 2.677958 0.986002 0.500339 0.166868
249 0.013998 1.506065 2.677958 0.986002 0.494165 0.296319
250 0.013998 1.506065 2.677958 0.986002 0.499375 0.383678
251 0.013998 1.506065 2.677958 0.986002 0.500684 0.101969
252 0.013998 1.506065 2.677958 0.986002 0.497338 0.291432
253 0.013998 1.506065 2.677958 0.986002 0.495872 0.056276
254 0.013998 1.506065 2.677958 0.986002 0.506539 0.331257
255 0.013998 1.506065 2.677958 0.986002 0.507992 0.346106
256 0.013998 1.506065 2.677958 0.986002 0.506812 0.237869
257 0.010229 -0.938430 2.970932 0.989771 0.498657 0.036370
258 0.010229 -0.938430 2.970932 0.989771 0.500840 0.206388
259 0.010229 -0.938430 2.970932 0.989771 0.496417 0.274461
260 0.010229 -0.938430 2.970932 0.989771 0.499465 0.163286
261 0.010229 -0.938430 2.970932 0.989771 0.506509 0.364847
262 0.010229 -0.938430 2.970932 0.989771 0.497197 0.022253
263 0.010229 -0.938430 2.970932 0.989771 0.495564 0.024985
264 0.010229 -0.938430 2.970932 0.989771 0.502170 0.152685
265 0.010229 -0.938430 2.970932 0.989771 0.502245 0.090177
266 0.010229 -0.938430 2.970932 0.989771 0.507278 0.109598
267 0.010229 -0.938430 2.970932 0.989771 0.501212 0.187000
268 0.010229 -0.938430 2.970932 0.989771 0.499606 0.205791
269 0.010229 -0.938430 2.970932 0.989771 0.499347 0.254917
270 0.010229 -0.938430 2.970932 0.989771 0.498409 0.087368
271 0.010229 -0.938430 2.970932 0.989771 0.492315 0.211689
272 0.010229 -0.938430 2.970932 0.989771 0.502942 0.103887
273 0.010229 -0.938430 2.970932 0.989771 0.505602 0.359534
274 0.010229 -0.938430 2.970932 0.989771 0.516505 0.225524
275 0.010229 -0.938430 2.970932 0.989771 0.501963 0.159609
276 0.010229 -0.938430 2.970932 0.989771 0.516781 0.162165
277 0.010229 -0.938430 2.970932 0.989771 0.492061 0.121550
278 0.010229 -0.938430 2.970932 0.989771 0.490574 0.059594
279 0.010229 -0.938430 2.970932 0.989771 0.497909 0.232903
280 0.010229 -0.938430 2.970932 0.989771 0.508843 0.220842
281 0.010229 -0.938430 2.970932 0.989771 0.494203 0.176063
282 0.010229 -0.938430 2.970932 0.989771 0.500637 0.210487
283 0.010229 -0.938430 2.970932 0.989771 0.508247 0.395454
284 0.010229 -0.938430 2.970932 0.989771 0.495114 0.252325
285 0.010229 -0.938430 2.970932 0.989771 0.490131 0.132322
286 0.010229 -0.938430 2.970932 0.989771 0.500392 0.258870
287 0.010229 -0.938430 2.970932 0.989771 0.503037 0.152625
288 0.010229 -0.938430 2.970932 0.989771 0.514337 0.256717
289 0.010229 -0.938430 2.970932 0.989771 0.498964 0.299632
290 0.010229 -0.938430 2.970932 0.989771 0.495569 0.215699
291 0.010229 -0.938430 2.970932 0.989771 0.499758 0.108448
292 0.010229 -0.938430 2.970932 0.989771 0.494454 0.025540
293 0.010229 -0.938430 2.970932 0.989771 0.504062 0.301250
294 0.010229 -0.938430 2.970932 0.989771 0.507051 0.366249
295 0.010229 -0.938430 2.970932 0.989771 0.494271 0.104736
296 0.010229 -0.938430 2.970932 0.989771 0.500282 0.159971
297 0.010229 -0.938430 2.970932 0.989771 0.489787 0.110075
298 0.010229 -0.938430 2.970932 0.989771 0.499601 0.158597
299 0.010229 -0.938430 2.970932 0.989771 0.487383 0.147590
300 0.010229 -0.938430 2.970932 0.989771 0.500705 0.058924
301 0.010229 -0.938430 2.970932 0.989771 0.492222 0.105738
302 0.010229 -0.938430 2.970932 0.989771 0.505710 0.206234
303 0.010229 -0.938430 2.970932 0.989771 0.497942 0.249298
304 0.010229 -0.938430 2.970932 0.989771 0.498486 0.359014
305 0.010229 -0.938430 2.970932 0.989771 0.494390 0.066358
306 0.010229 -0.938430 2.970932 0.989771 0.499773 0.124745
307 0.010229 -0.938430 2.970932 0.989771 0.513841 0.404880
308 0.010229 -0.938430 2.970932 0.989771 0.500026 0.184245
309 0.010229 -0.938430 2.970932 0.989771 0.500039 0.373886
310 0.010229 -0.938430 2.970932 0.989771 0.499327 0.200580
311 0.010229 -0.938430 2.970932 0.989771 0.502864 0.247104
312 0.010229 -0.938430 2.970932 0.989771 0.505155 0.219201
313 0.010229 -0.938430 2.970932 0.989771 0.492621 0.287637
314 0.010229 -0.938430 2.970932 0.989771 0.505738 0.304774
315 0.010229 -0.938430 2.970932 0.989771 0.504699 0.293493
316 0.010229 -0.938430 2.970932 0.989771 0.491219 0.005349
317 0.010229 -0.938430 2.970932 0.989771 0.493465 0.186130
318 0.010229 -0.938430 2.970932 0.989771 0.499168 0.034808
319 0.010229 -0.938430 2.970932 0.989771 0.501769 0.204088
320 0.010229 -0.938430 2.970932 0.989771 0.510033 0.261660
321 0.010229 -0.938430 2.970932 0.989771 0.500194 0.116028
322 0.010229 -0.938430 2.970932 0.989771 0.492034 0.014135
323 0.010229 -0.938430 2.970932 0.989771 0.489769 0.043229
324 0.010229 -0.938430 2.970932 0.989771 0.508432 0.254177
325 0.010229 -0.938430 2.970932 0.989771 0.506075 0.252936
326 0.010229 -0.938430 2.970932 0.989771 0.503425 0.082816
327 0.010229 -0.938430 2.970932 0.989771 0.498200 0.202463
328 0.010229 -0.938430 2.970932 0.989771 0.507187 0.365841
329 0.010229 -0.938430 2.970932 0.989771 0.497511 0.304129
330 0.010229 -0.938430 2.970932 0.989771 0.485427 0.117464
331 0.010229 -0.938430 2.970932 0.989771 0.504933 0.302779
332 0.010229 -0.938430 2.970932 0.989771 0.500014 0.396209
333 0.010229 -0.938430 2.970932 0.989771 0.500679 0.108851
334 0.010229 -0.938430 2.970932 0.989771 0.507465 0.344855
335 0.010229 -0.938430 2.970932 0.989771 0.505342 0.279972
336 0.010229 -0.938430 2.970932 0.989771 0.500967 0.027167
337 0.010229 -0.938430 2.970932 0.989771 0.504778 0.305605
338 0.010229 -0.938430 2.970932 0.989771 0.509713 0.242810
339 0.010229 -0.938430 2.970932 0.989771 0.490790 0.059762
340 0.010229 -0.938430 2.970932 0.989771 0.503082 0.031024
341 0.010229 -0.938430 2.970932 0.989771 0.492931 0.209695
342 0.010229 -0.938430 2.970932 0.989771 0.490896 0.011021
343 0.010229 -0.938430 2.970932 0.989771 0.497158 0.357778
344 0.010229 -0.938430 2.970932 0.989771 0.496669 0.164034
345 0.010229 -0.938430 2.970932 0.989771 0.499161 0.229018
346 0.010229 -0.938430 2.970932 0.989771 0.500764 0.356969
347 0.010229 -0.938430 2.970932 0.989771 0.497649 0.022373
348 0.010229 -0.938430 2.970932 0.989771 0.503256 0.235534
349 0.010229 -0.938430 2.970932 0.989771 0.500924 0.270753
350 0.010229 -0.938430 2.970932 0.989771 0.489284 0.224502
351 0.010229 -0.938430 2.970932 0.989771 0.501006 0.251146
352 0.010229 -0.938430 2.970932 0.989771 0.505271 0.265568
353 0.010229 -0.938430 2.970932 0.989771 0.501589 0.204227
354 0.010229 -0.938430 2.970932 0.989771 0.505045 0.298084
355 0.010229 -0.938430 2.970932 0.989771 0.497381 0.184434
356 0.010229 -0.938430 2.970932 0.989771 0.507310 0.408510
357 0.010229 -0.938430 2.970932 0.989771 0.498185 0.043692
358 0.010229 -0.938430 2.970932 0.989771 0.503856 0.233923
359 0.010229 -0.938430 2.970932 0.989771 0.505952 0.373537
360 0.010229 -0.938430 2.970932 0.989771 0.501246 0.171031
361 0.010229 -0.938430 2.970932 0.989771 0.496984 0.205843
362 0.010229 -0.938430 2.970932 0.989771 0.491235 0.107289
363 0.010229 -0.938430 2.970932 0.989771 0.489650 0.033081
364 0.010229 -0.938430 2.970932 0.989771 0.489935 0.212945
365 0.010229 -0.938430 2.970932 0.989771 0.492521 0.209656
366 0.010229 -0.938430 2.970932 0.989771 0.500397 0.293331
367 0.010229 -0.938430 2.970932 0.989771 0.490061 0.218358
368 0.010229 -0.938430 2.970932 0.989771 0.509757 0.332656
369 0.010229 -0.938430 2.970932 0.989771 0.507299 0.223359
370 0.010229 -0.938430 2.970932 0.989771 0.499941 0.351512
371 0.010229 -0.938430 2.970932 0.989771 0.501643 0.146238
372 0.010229 -0.938430 2.970932 0.989771 0.492797 0.029502
373 0.010229 -0.938430 2.970932 0.989771 0.502339 0.355243
374 0.010229 -0.938430 2.970932 0.989771 0.503581 0.220872
375 0.010229 -0.938430 2.970932 0.989771 0.499931 0.275453
376 0.010229 -0.938430 2.970932 0.989771 0.500537 0.345877
377 0.010229 -0.938430 2.970932 0.989771 0.501014 0.112533
378 0.010229 -0.938430 2.970932 0.989771 0.497125 0.133581
379 0.010229 -0.938430 2.970932 0.989771 0.499437 0.334737
380 0.010229 -0.938430 2.970932 0.989771 0.493336 0.062305
381 0.010229 -0.938430 2.970932 0.989771 0.497060 0.264738
382 0.010229 -0.938430 2.970932 0.989771 0.505899 0.164412
383 0.010229 -0.938430 2.970932 0.989771 0.489750 0.031372
384 0.010229 -0.938430 2.970932 0.989771 0.492579 0.129856
385 0.010229 -0.938430 2.970932 0.989771 0.503777 0.152763
386 0.010229 -0.938430 2.970932 0.989771 0.500407 0.102295
387 0.010229 -0.938430 2.970932 0.989771 0.500260 0.200603
388 0.010229 -0.938430 2.970932 0.989771 0.506253 0.102229
389 0.010229 -0.938430 2.970932 0.989771 0.494653 0.125344
390 0.010229 -0.938430 2.970932 0.989771 0.490611 0.108974
391 0.010229 -0.938430 2.970932 0.989771 0.500211 0.215582
392 0.010229 -0.938430 2.970932 0.989771 0.501590 0.111750
393 0.010229 -0.938430 2.970932 0.989771 0.504910 0.328850
394 0.010229 -0.938430 2.970932 0.989771 0.495053 0.277119
395 0.010229 -0.938430 2.970932 0.989771 0.510081 0.329541
396 0.010229 -0.938430 2.970932 0.989771 0.499264 0.154002
397 0.010229 -0.938430 2.970932 0.989771 0.496522 0.335648
398 0.010229 -0.938430 2.970932 0.989771 0.509863 0.355995
399 0.010229 -0.938430 2.970932 0.989771 0.507590 0.165654
400 0.010229 -0.938430 2.970932 0.989771 0.505699 0.302628
401 0.010229 -0.938430 2.970932 0.989771 0.501872 0.270344
402 0.010229 -0.938430 2.970932 0.989771 0.493690 0.102154
403 0.010229 -0.938430 2.970932 0.989771 0.504816 0.212085
404 0.010229 -0.938430 2.970932 0.989771 0.490704 0.084805
405 0.010229 -0.938430 2.970932 0.989771 0.505637 0.259623
406 0.010229 -0.938430 2.970932 0.989771 0.512853 0.283194
407 0.010229 -0.938430 2.970932 0.989771 0.497230 0.256551
408 0.010229 -0.938430 2.970932 0.989771 0.499660 0.166284
409 0.010229 -0.938430 2.970932 0.989771 0.505147 0.205904
410 0.010229 -0.938430 2.970932 0.989771 0.512467 0.420697
411 0.010229 -0.938430 2.970932 0.989771 0.506946 0.361097
412 0.010229 -0.938430 2.970932 0.989771 0.492134 0.205293
413 0.010229 -0.938430 2.970932 0.989771 0.498633 0.172615
414 0.010229 -0.938430 2.970932 0.989771 0.501450 0.227945
415 0.010229 -0.938430 2.970932 0.989771 0.494006 0.246869
416 0.010229 -0.938430 2.970932 0.989771 0.504404 0.185157
417 0.010229 -0.938430 2.970932 0.989771 0.504655 0.198601
418 0.010229 -0.938430 2.970932 0.989771 0.501696 0.207844
419 0.010229 -0.938430 2.970932 0.989771 0.504671 0.117590
420 0.010229 -0.938430 2.970932 0.989771 0.490967 0.023887
421 0.010229 -0.938430 2.970932 0.989771 0.496010 0.140399
422 0.010229 -0.938430 2.970932 0.989771 0.503155 0.245928
423 0.010229 -0.938430 2.970932 0.989771 0.499976 0.293423
424 0.010229 -0.938430 2.970932 0.989771 0.500388 0.293310
425 0.010229 -0.938430 2.970932 0.989771 0.498904 0.347222
426 0.010229 -0.938430 2.970932 0.989771 0.499956 0.056722
427 0.010229 -0.938430 2.970932 0.989771 0.504329 0.188102
428 0.010229 -0.938430 2.970932 0.989771 0.507034 0.029601
429 0.010229 -0.938430 2.970932 0.989771 0.501092 0.354169
430 0.010229 -0.938430 2.970932 0.989771 0.497482 0.174318
431 0.010229 -0.938430 2.970932 0.989771 0.502190 0.124852
432 0.010229 -0.938430 2.970932 0.989771 0.509841 0.271931
433 0.010229 -0.938430 2.970932 0.989771 0.506262 0.362177
434 0.010229 -0.938430 2.970932 0.989771 0.493677 0.243041
435 0.010229 -0.938430 2.970932 0.989771 0.484261 0.210996
436 0.010229 -0.938430 2.970932 0.989771 0.501230 0.211672
437 0.010229 -0.938430 2.970932 0.989771 0.508795 0.255146
438 0.010229 -0.938430 2.970932 0.989771 0.496041 0.108708
439 0.010229 -0.938430 2.970932 0.989771 0.510496 0.405878
440 0.010229 -0.938430 2.970932 0.989771 0.503779 0.260584
441 0.010229 -0.938430 2.970932 0.989771 0.493152 0.210119
442 0.010229 -0.938430 2.970932 0.989771 0.489580 0.191687
443 0.010229 -0.938430 2.970932 0.989771 0.494758 0.116127
444 0.010229 -0.938430 2.970932 0.989771 0.502816 0.203412
445 0.010229 -0.938430 2.970932 0.989771 0.506367 0.190538
446 0.010229 -0.938430 2.970932 0.989771 0.499252 0.360072
447 0.010229 -0.938430 2.970932 0.989771 0.498193 0.138344
448 0.010229 -0.938430 2.970932 0.989771 0.495064 0.265893
449 0.010229 -0.938430 2.970932 0.989771 0.492458 0.268164
450 0.010229 -0.938430 2.970932 0.989771 0.511209 0.374806
451 0.010229 -0.938430 2.970932 0.989771 0.494115 0.163505
452 0.010229 -0.938430 2.970932 0.989771 0.500561 0.209695
453 0.010229 -0.938430 2.970932 0.989771 0.488480 0.174009
454 0.010229 -0.938430 2.970932 0.989771 0.497690 0.279685
455 0.010229 -0.938430 2.970932 0.989771 0.510175 0.284652
456 0.010229 -0.938430 2.970932 0.989771 0.497419 0.206428
457 0.010229 -0.938430 2.970932 0.989771 0.504216 0.302158
458 0.010229 -0.938430 2.970932 0.989771 0.490521 0.160635
459 0.010229 -0.938430 2.970932 0.989771 0.495328 0.218447
460 0.010229 -0.938430 2.970932 0.989771 0.511046 0.385283
461 0.010229 -0.938430 2.970932 0.989771 0.500159 0.421756
462 0.010229 -0.938430 2.970932 0.989771 0.502413 0.196214
463 0.010229 -0.938430 2.970932 0.989771 0.504856 0.203422
464 0.010229 -0.938430 2.970932 0.989771 0.501230 0.062695
465 0.010229 -0.938430 2.970932 0.989771 0.499786 0.406462
466 0.010229 -0.938430 2.970932 0.989771 0.506712 0.088597
467 0.010229 -0.938430 2.970932 0.989771 0.493711 0.013921
468 0.010229 -0.938430 2.970932 0.989771 0.490036 0.064446
469 0.010229 -0.938430 2.970932 0.989771 0.504460 0.251500
470 0.010229 -0.938430 2.970932 0.989771 0.499196 0.106175
471 0.010229 -0.938430 2.970932 0.989771 0.502775 0.250909
472 0.010229 -0.938430 2.970932 0.989771 0.502275 0.050194
473 0.010229 -0.938430 2.970932 0.989771 0.500212 0.347092
474 0.010229 -0.938430 2.970932 0.989771 0.498694 0.268268
475 0.010229 -0.938430 2.970932 0.989771 0.505442 0.361172
476 0.010229 -0.938430 2.970932 0.989771 0.491312 0.187856
477 0.010229 -0.938430 2.970932 0.989771 0.493897 0.149509
478 0.010229 -0.938430 2.970932 0.989771 0.506710 0.270840
479 0.010229 -0.938430 2.970932 0.989771 0.498504 0.042593
480 0.010229 -0.938430 2.970932 0.989771 0.488383 0.144633
481 0.010229 -0.938430 2.970932 0.989771 0.498885 0.178282
482 0.010229 -0.938430 2.970932 0.989771 0.502888 0.100420
483 0.010229 -0.938430 2.970932 0.989771 0.510884 0.405331
484 0.010229 -0.938430 2.970932 0.989771 0.511663 0.262830
485 0.010229 -0.938430 2.970932 0.989771 0.508059 0.265210
486 0.010229 -0.938430 2.970932 0.989771 0.499662 0.103713
487 0.010229 -0.938430 2.970932 0.989771 0.501327 0.105619
488 0.010229 -0.938430 2.970932 0.989771 0.488682 0.097665
489 0.010229 -0.938430 2.970932 0.989771 0.502896 0.451249
490 0.010229 -0.938430 2.970932 0.989771 0.501196 0.209002
491 0.010229 -0.938430 2.970932 0.989771 0.505322 0.379342
492 0.010229 -0.938430 2.970932 0.989771 0.496177 0.173313
493 0.010229 -0.938430 2.970932 0.989771 0.489694 0.160033
494 0.010229 -0.938430 2.970932 0.989771 0.496562 0.229249
495 0.010229 -0.938430 2.970932 0.989771 0.505973 0.246523
496 0.010229 -0.938430 2.970932 0.989771 0.506548 0.154015
497 0.010229 -0.938430 2.970932 0.989771 0.504101 0.364759
498 0.010229 -0.938430 2.970932 0.989771 0.490369 0.087016
499 0.010229 -0.938430 2.970932 0.989771 0.509054 0.297631
