Lp  F6        x1       x2        Ocena     Średni    Najgorszy
0 0.247536 -12.410163 -10.148775 0.752464 0.501327 0.318286
1 0.247536 -12.410163 -10.148775 0.752464 0.502805 0.313215
2 0.247536 -12.410163 -10.148775 0.752464 0.495435 0.076422
3 0.154624 7.197681 10.051118 0.845376 0.507506 0.436196
4 0.154624 7.197681 10.051118 0.845376 0.501485 0.227769
5 0.154624 7.197681 10.051118 0.845376 0.496667 0.317708
6 0.087054 9.269856 0.901808 0.912946 0.508541 0.293176
7 0.087054 9.269856 0.901808 0.912946 0.504551 0.115138
8 0.019456 1.359579 -2.717632 0.980544 0.509962 0.293841
9 0.019456 1.359579 -2.717632 0.980544 0.496854 0.350728
10 0.019456 1.359579 -2.717632 0.980544 0.505258 0.376813
11 0.019456 1.359579 -2.717632 0.980544 0.505758 0.271615
12 0.019456 1.359579 -2.717632 0.980544 0.500470 0.059250
13 0.019456 1.359579 -2.717632 0.980544 0.499934 0.293546
14 0.019456 1.359579 -2.717632 0.980544 0.510690 0.360405
15 0.019456 1.359579 -2.717632 0.980544 0.515379 0.312889
16 0.009732 3.041123 0.791943 0.990268 0.505449 0.240781
17 0.009732 3.041123 0.791943 0.990268 0.491188 0.056377
18 0.009732 3.041123 0.791943 0.990268 0.503224 0.361214
19 0.009732 3.041123 0.791943 0.990268 0.507500 0.023826
20 0.009732 3.041123 0.791943 0.990268 0.494534 0.081231
21 0.009732 3.041123 0.791943 0.990268 0.491156 0.040186
22 0.009732 3.041123 0.791943 0.990268 0.496738 0.201642
23 0.009732 3.041123 0.791943 0.990268 0.496538 0.203963
24 0.009732 3.041123 0.791943 0.990268 0.501125 0.292356
25 0.009732 3.041123 0.791943 0.990268 0.503074 0.322855
26 0.009732 3.041123 0.791943 0.990268 0.498486 0.063181
27 0.009732 3.041123 0.791943 0.990268 0.499210 0.138332
28 0.009732 3.041123 0.791943 0.990268 0.481751 0.027843
29 0.009732 3.041123 0.791943 0.990268 0.507992 0.313227
30 0.009732 3.041123 0.791943 0.990268 0.498058 0.329899
31 0.009732 3.041123 0.791943 0.990268 0.489514 0.120045
32 0.009732 3.041123 0.791943 0.990268 0.499599 0.117355
33 0.009732 3.041123 0.791943 0.990268 0.504714 0.295956
34 0.009732 3.041123 0.791943 0.990268 0.498818 0.167099
35 0.009732 3.041123 0.791943 0.990268 0.490602 0.057803
36 0.009732 3.041123 0.791943 0.990268 0.501152 0.202931
37 0.009732 3.041123 0.791943 0.990268 0.501288 0.296062
38 0.009732 3.041123 0.791943 0.990268 0.495134 0.199938
39 0.009732 3.041123 0.791943 0.990268 0.493718 0.237009
40 0.009732 3.041123 0.791943 0.990268 0.503422 0.157652
41 0.009732 3.041123 0.791943 0.990268 0.494641 0.172100
42 0.009732 3.041123 0.791943 0.990268 0.496165 0.246470
43 0.009732 3.041123 0.791943 0.990268 0.490433 0.234008
44 0.009732 3.041123 0.791943 0.990268 0.494049 0.156095
45 0.009732 3.041123 0.791943 0.990268 0.493349 0.102033
46 0.009732 3.041123 0.791943 0.990268 0.503669 0.326698
47 0.009732 3.041123 0.791943 0.990268 0.501408 0.023299
48 0.009732 3.041123 0.791943 0.990268 0.490473 0.164125
49 0.009732 3.041123 0.791943 0.990268 0.507247 0.385651
50 0.009732 3.041123 0.791943 0.990268 0.497394 0.206094
51 0.009732 3.041123 0.791943 0.990268 0.500281 0.318083
52 0.009732 3.041123 0.791943 0.990268 0.496451 0.199547
53 0.009732 3.041123 0.791943 0.990268 0.500234 0.312755
54 0.009732 3.041123 0.791943 0.990268 0.499878 0.344459
55 0.009732 3.041123 0.791943 0.990268 0.506640 0.258174
56 0.009732 3.041123 0.791943 0.990268 0.505577 0.392960
57 0.009732 3.041123 0.791943 0.990268 0.500262 0.023827
58 0.009732 3.041123 0.791943 0.990268 0.496826 0.167429
59 0.009732 3.041123 0.791943 0.990268 0.490091 0.263283
60 0.009732 3.041123 0.791943 0.990268 0.499630 0.282300
61 0.009732 3.041123 0.791943 0.990268 0.495371 0.118794
62 0.009732 3.041123 0.791943 0.990268 0.497724 0.033870
63 0.009732 3.041123 0.791943 0.990268 0.512198 0.156244
64 0.009732 3.041123 0.791943 0.990268 0.514650 0.364570
65 0.009732 3.041123 0.791943 0.990268 0.495016 0.124265
66 0.009732 3.041123 0.791943 0.990268 0.491054 0.152117
67 0.009732 3.041123 0.791943 0.990268 0.502556 0.360437
68 0.009732 3.041123 0.791943 0.990268 0.502048 0.190739
69 0.009732 3.041123 0.791943 0.990268 0.500000 0.114522
70 0.009732 3.041123 0.791943 0.990268 0.503418 0.073670
71 0.009732 3.041123 0.791943 0.990268 0.501024 0.243563
72 0.009732 3.041123 0.791943 0.990268 0.517791 0.118385
73 0.009732 3.041123 0.791943 0.990268 0.498750 0.296929
74 0.009732 3.041123 0.791943 0.990268 0.514105 0.357135
75 0.009732 3.041123 0.791943 0.990268 0.511917 0.039692
76 0.009732 3.041123 0.791943 0.990268 0.497108 0.157865
77 0.009732 3.041123 0.791943 0.990268 0.501538 0.118421
78 0.009732 3.041123 0.791943 0.990268 0.505211 0.320766
79 0.009732 3.041123 0.791943 0.990268 0.502293 0.311360
80 0.009732 3.041123 0.791943 0.990268 0.502911 0.220542
81 0.009732 3.041123 0.791943 0.990268 0.487547 0.042379
82 0.009732 3.041123 0.791943 0.990268 0.491509 0.025798
83 0.009732 3.041123 0.791943 0.990268 0.493360 0.112595
84 0.009732 3.041123 0.791943 0.990268 0.495884 0.195585
85 0.009732 3.041123 0.791943 0.990268 0.497246 0.192977
86 0.009732 3.041123 0.791943 0.990268 0.486261 0.204206
87 0.009732 3.041123 0.791943 0.990268 0.505212 0.330261
88 0.009732 3.041123 0.791943 0.990268 0.492537 0.058772
89 0.009732 3.041123 0.791943 0.990268 0.497155 0.204825
90 0.009732 3.041123 0.791943 0.990268 0.497287 0.205129
91 0.009732 3.041123 0.791943 0.990268 0.505376 0.082564
92 0.009732 3.041123 0.791943 0.990268 0.507102 0.104889
93 0.009732 3.041123 0.791943 0.990268 0.492603 0.056365
94 0.009732 3.041123 0.791943 0.990268 0.503852 0.224779
95 0.009732 3.041123 0.791943 0.990268 0.488281 0.086979
96 0.009732 3.041123 0.791943 0.990268 0.503833 0.295100
97 0.009732 3.041123 0.791943 0.990268 0.500567 0.431807
98 0.009732 3.041123 0.791943 0.990268 0.496868 0.278550
99 0.009732 3.041123 0.791943 0.990268 0.501589 0.168947
100 0.009732 3.041123 0.791943 0.990268 0.500082 0.192107
101 0.009732 3.041123 0.791943 0.990268 0.498305 0.102964
102 0.009732 3.041123 0.791943 0.990268 0.503446 0.229380
103 0.009732 3.041123 0.791943 0.990268 0.500564 0.230798
104 0.009732 3.041123 0.791943 0.990268 0.500535 0.059885
105 0.009732 3.041123 0.791943 0.990268 0.505881 0.335483
106 0.009732 3.041123 0.791943 0.990268 0.491805 0.088354
107 0.009732 3.041123 0.791943 0.990268 0.504150 0.057237
108 0.009732 3.041123 0.791943 0.990268 0.498110 0.252930
109 0.009732 3.041123 0.791943 0.990268 0.501957 0.130744
110 0.009732 3.041123 0.791943 0.990268 0.501317 0.368242
111 0.009732 3.041123 0.791943 0.990268 0.499342 0.024277
112 0.009732 3.041123 0.791943 0.990268 0.496164 0.110230
113 0.009732 3.041123 0.791943 0.990268 0.499772 0.205682
114 0.009732 3.041123 0.791943 0.990268 0.506536 0.216945
115 0.009732 3.041123 0.791943 0.990268 0.509217 0.329560
116 0.009732 3.041123 0.791943 0.990268 0.495378 0.207984
117 0.009732 3.041123 0.791943 0.990268 0.492953 0.057503
118 0.009732 3.041123 0.791943 0.990268 0.507632 0.251602
119 0.009732 3.041123 0.791943 0.990268 0.496211 0.208267
120 0.009732 3.041123 0.791943 0.990268 0.498738 0.271030
121 0.009732 3.041123 0.791943 0.990268 0.494970 0.082013
122 0.009732 3.041123 0.791943 0.990268 0.510275 0.281341
123 0.009732 3.041123 0.791943 0.990268 0.501487 0.106984
124 0.009732 3.041123 0.791943 0.990268 0.494129 0.057983
125 0.009732 3.041123 0.791943 0.990268 0.504155 0.391491
126 0.009732 3.041123 0.791943 0.990268 0.495580 0.308155
127 0.009732 3.041123 0.791943 0.990268 0.508310 0.106882
128 0.009732 3.041123 0.791943 0.990268 0.497207 0.155443
129 0.009732 3.041123 0.791943 0.990268 0.491600 0.121459
130 0.009732 3.041123 0.791943 0.990268 0.489054 0.204797
131 0.009732 3.041123 0.791943 0.990268 0.499643 0.355225
132 0.009732 3.041123 0.791943 0.990268 0.497768 0.098120
133 0.009732 3.041123 0.791943 0.990268 0.505599 0.194723
134 0.009732 3.041123 0.791943 0.990268 0.497651 0.104325
135 0.009732 3.041123 0.791943 0.990268 0.481635 0.015849
136 0.009732 3.041123 0.791943 0.990268 0.498765 0.173496
137 0.009732 3.041123 0.791943 0.990268 0.504786 0.293171
138 0.009732 3.041123 0.791943 0.990268 0.501326 0.331298
139 0.009732 3.041123 0.791943 0.990268 0.494820 0.356768
140 0.009732 3.041123 0.791943 0.990268 0.505202 0.360568
141 0.009732 3.041123 0.791943 0.990268 0.504271 0.333596
142 0.009732 3.041123 0.791943 0.990268 0.503403 0.244214
143 0.009732 3.041123 0.791943 0.990268 0.483708 0.101970
144 0.009732 3.041123 0.791943 0.990268 0.492673 0.235457
145 0.009732 3.041123 0.791943 0.990268 0.496360 0.157149
146 0.009732 3.041123 0.791943 0.990268 0.507649 0.391100
147 0.009732 3.041123 0.791943 0.990268 0.506041 0.422703
148 0.009732 3.041123 0.791943 0.990268 0.494217 0.166016
149 0.009732 3.041123 0.791943 0.990268 0.505545 0.208642
150 0.009732 3.041123 0.791943 0.990268 0.496763 0.063971
151 0.009732 3.041123 0.791943 0.990268 0.498273 0.159809
152 0.009732 3.041123 0.791943 0.990268 0.500985 0.351538
153 0.009732 3.041123 0.791943 0.990268 0.491767 0.031723
154 0.009732 3.041123 0.791943 0.990268 0.502150 0.158931
155 0.009732 3.041123 0.791943 0.990268 0.496520 0.090054
156 0.009732 3.041123 0.791943 0.990268 0.493517 0.160537
157 0.009732 3.041123 0.791943 0.990268 0.503786 0.271901
158 0.009732 3.041123 0.791943 0.990268 0.507708 0.094771
159 0.009732 3.041123 0.791943 0.990268 0.494938 0.202257
160 0.009732 3.041123 0.791943 0.990268 0.501431 0.332113
161 0.009732 3.041123 0.791943 0.990268 0.489761 0.205966
162 0.009732 3.041123 0.791943 0.990268 0.492155 0.114563
163 0.009732 3.041123 0.791943 0.990268 0.491988 0.156535
164 0.009732 3.041123 0.791943 0.990268 0.498516 0.191634
165 0.009732 3.041123 0.791943 0.990268 0.495208 0.196330
166 0.009732 3.041123 0.791943 0.990268 0.491923 0.110964
167 0.009732 3.041123 0.791943 0.990268 0.506211 0.160057
168 0.009732 3.041123 0.791943 0.990268 0.495910 0.092098
169 0.009732 3.041123 0.791943 0.990268 0.495771 0.203454
170 0.009732 3.041123 0.791943 0.990268 0.515952 0.142292
171 0.009732 3.041123 0.791943 0.990268 0.500321 0.236954
172 0.009732 3.041123 0.791943 0.990268 0.507292 0.354447
173 0.009732 3.041123 0.791943 0.990268 0.500073 0.268266
174 0.009732 3.041123 0.791943 0.990268 0.497382 0.165899
175 0.009732 3.041123 0.791943 0.990268 0.505256 0.255950
176 0.009732 3.041123 0.791943 0.990268 0.497125 0.143433
177 0.009732 3.041123 0.791943 0.990268 0.498824 0.302829
178 0.009732 3.041123 0.791943 0.990268 0.509632 0.360315
179 0.009732 3.041123 0.791943 0.990268 0.509135 0.364255
180 0.009732 3.041123 0.791943 0.990268 0.506948 0.259285
181 0.009732 3.041123 0.791943 0.990268 0.497851 0.047430
182 0.009732 3.041123 0.791943 0.990268 0.492045 0.036763
183 0.009732 3.041123 0.791943 0.990268 0.495173 0.067549
184 0.009732 3.041123 0.791943 0.990268 0.499264 0.361405
185 0.009732 3.041123 0.791943 0.990268 0.506526 0.352641
186 0.009732 3.041123 0.791943 0.990268 0.505791 0.261133
187 0.009732 3.041123 0.791943 0.990268 0.497035 0.176636
188 0.009732 3.041123 0.791943 0.990268 0.505282 0.300438
189 0.009732 3.041123 0.791943 0.990268 0.496959 0.156346
190 0.009732 3.041123 0.791943 0.990268 0.505622 0.072851
191 0.009732 3.041123 0.791943 0.990268 0.499795 0.302997
192 0.009732 3.041123 0.791943 0.990268 0.499399 0.264016
193 0.009732 3.041123 0.791943 0.990268 0.503791 0.330337
194 0.009732 3.041123 0.791943 0.990268 0.490130 0.130210
195 0.009732 3.041123 0.791943 0.990268 0.502153 0.324641
196 0.009732 3.041123 0.791943 0.990268 0.490769 0.171834
197 0.009732 3.041123 0.791943 0.990268 0.493579 0.173524
198 0.009732 3.041123 0.791943 0.990268 0.507779 0.280660
199 0.009732 3.041123 0.791943 0.990268 0.511189 0.376964
200 0.009732 3.041123 0.791943 0.990268 0.497940 0.246785
201 0.009732 3.041123 0.791943 0.990268 0.512705 0.352049
202 0.009732 3.041123 0.791943 0.990268 0.502753 0.239423
203 0.009732 3.041123 0.791943 0.990268 0.508255 0.349685
204 0.009732 3.041123 0.791943 0.990268 0.503413 0.233436
205 0.009732 3.041123 0.791943 0.990268 0.504241 0.335145
206 0.009732 3.041123 0.791943 0.990268 0.507875 0.185993
207 0.009732 3.041123 0.791943 0.990268 0.493703 0.021524
208 0.009732 3.041123 0.791943 0.990268 0.509879 0.293181
209 0.009732 3.041123 0.791943 0.990268 0.505269 0.121375
210 0.009732 3.041123 0.791943 0.990268 0.500439 0.057210
211 0.009732 3.041123 0.791943 0.990268 0.497218 0.155665
212 0.009732 3.041123 0.791943 0.990268 0.485748 0.058526
213 0.009732 3.041123 0.791943 0.990268 0.503369 0.271499
214 0.009732 3.041123 0.791943 0.990268 0.497717 0.255367
215 0.009732 3.041123 0.791943 0.990268 0.505244 0.279070
216 0.009732 3.041123 0.791943 0.990268 0.504040 0.114697
217 0.009732 3.041123 0.791943 0.990268 0.491910 0.168033
218 0.009732 3.041123 0.791943 0.990268 0.497474 0.057681
219 0.009732 3.041123 0.791943 0.990268 0.483953 0.166915
220 0.009732 3.041123 0.791943 0.990268 0.499282 0.204269
221 0.009732 3.041123 0.791943 0.990268 0.505948 0.296358
222 0.009732 3.041123 0.791943 0.990268 0.497683 0.077346
223 0.009732 3.041123 0.791943 0.990268 0.493464 0.156032
224 0.009732 3.041123 0.791943 0.990268 0.498367 0.127614
225 0.009732 3.041123 0.791943 0.990268 0.492497 0.013909
226 0.009732 3.041123 0.791943 0.990268 0.496344 0.227476
227 0.009732 3.041123 0.791943 0.990268 0.497479 0.153523
228 0.009732 3.041123 0.791943 0.990268 0.503753 0.267879
229 0.009732 3.041123 0.791943 0.990268 0.492535 0.002457
230 0.009732 3.041123 0.791943 0.990268 0.495704 0.182610
231 0.009732 3.041123 0.791943 0.990268 0.501239 0.181315
232 0.009732 3.041123 0.791943 0.990268 0.510494 0.244632
233 0.009732 3.041123 0.791943 0.990268 0.506820 0.103115
234 0.009732 3.041123 0.791943 0.990268 0.501156 0.313862
235 0.009732 3.041123 0.791943 0.990268 0.499404 0.172630
236 0.009732 3.041123 0.791943 0.990268 0.506727 0.306038
237 0.009732 3.041123 0.791943 0.990268 0.506389 0.127132
238 0.009732 3.041123 0.791943 0.990268 0.493492 0.134199
239 0.009732 3.041123 0.791943 0.990268 0.490013 0.203833
240 0.009732 3.041123 0.791943 0.990268 0.500041 0.185968
241 0.009732 3.041123 0.791943 0.990268 0.500900 0.113147
242 0.009732 3.041123 0.791943 0.990268 0.499548 0.206179
243 0.009732 3.041123 0.791943 0.990268 0.503672 0.330136
244 0.009732 3.041123 0.791943 0.990268 0.508778 0.387037
245 0.009732 3.041123 0.791943 0.990268 0.489927 0.166916
246 0.009732 3.041123 0.791943 0.990268 0.490356 0.204001
247 0.009732 3.041123 0.791943 0.990268 0.493996 0.201041
248 0.009732 3.041123 0.791943 0.990268 0.501922 0.125314
249 0.009732 3.041123 0.791943 0.990268 0.501144 0.176078
250 0.009732 3.041123 0.791943 0.990268 0.498837 0.133046
251 0.009732 3.041123 0.791943 0.990268 0.497117 0.208017
252 0.009732 3.041123 0.791943 0.990268 0.499681 0.261804
253 0.009732 3.041123 0.791943 0.990268 0.505366 0.045048
254 0.009732 3.041123 0.791943 0.990268 0.498683 0.206002
255 0.009732 3.041123 0.791943 0.990268 0.500084 0.192732
256 0.009732 3.041123 0.791943 0.990268 0.492202 0.160949
257 0.009732 3.041123 0.791943 0.990268 0.492383 0.063401
258 0.009732 3.041123 0.791943 0.990268 0.505154 0.161940
259 0.009732 3.041123 0.791943 0.990268 0.496994 0.191163
260 0.009732 3.041123 0.791943 0.990268 0.497000 0.345685
261 0.009732 3.041123 0.791943 0.990268 0.500547 0.205844
262 0.009732 3.041123 0.791943 0.990268 0.492888 0.033739
263 0.009732 3.041123 0.791943 0.990268 0.501237 0.210368
264 0.009732 3.041123 0.791943 0.990268 0.498370 0.271201
265 0.009732 3.041123 0.791943 0.990268 0.511758 0.380851
266 0.009732 3.041123 0.791943 0.990268 0.499876 0.224020
267 0.009732 3.041123 0.791943 0.990268 0.494442 0.291901
268 0.009732 3.041123 0.791943 0.990268 0.499161 0.177772
269 0.009732 3.041123 0.791943 0.990268 0.496798 0.152838
270 0.009732 3.041123 0.791943 0.990268 0.503662 0.213531
271 0.009732 3.041123 0.791943 0.990268 0.499956 0.156972
272 0.009732 3.041123 0.791943 0.990268 0.497907 0.311929
273 0.009732 3.041123 0.791943 0.990268 0.496424 0.153554
274 0.009732 3.041123 0.791943 0.990268 0.507434 0.421953
275 0.009732 3.041123 0.791943 0.990268 0.488464 0.115114
276 0.009732 3.041123 0.791943 0.990268 0.494196 0.087933
277 0.009732 3.041123 0.791943 0.990268 0.508492 0.430350
278 0.009732 3.041123 0.791943 0.990268 0.499298 0.206921
279 0.009732 3.041123 0.791943 0.990268 0.498677 0.214366
280 0.009732 3.041123 0.791943 0.990268 0.505879 0.166319
281 0.009732 3.041123 0.791943 0.990268 0.493399 0.243118
282 0.009732 3.041123 0.791943 0.990268 0.491011 0.102179
283 0.009732 3.041123 0.791943 0.990268 0.499919 0.301705
284 0.009732 3.041123 0.791943 0.990268 0.502054 0.195824
285 0.009732 3.041123 0.791943 0.990268 0.495913 0.161337
286 0.009732 3.041123 0.791943 0.990268 0.494755 0.103395
287 0.009732 3.041123 0.791943 0.990268 0.507617 0.253433
288 0.009732 3.041123 0.791943 0.990268 0.499049 0.219255
289 0.009732 3.041123 0.791943 0.990268 0.512856 0.298495
290 0.009732 3.041123 0.791943 0.990268 0.502527 0.155117
291 0.009732 3.041123 0.791943 0.990268 0.501697 0.090291
292 0.009732 3.041123 0.791943 0.990268 0.499560 0.285169
293 0.009732 3.041123 0.791943 0.990268 0.501214 0.155062
294 0.009732 3.041123 0.791943 0.990268 0.499866 0.152601
295 0.009732 3.041123 0.791943 0.990268 0.486281 0.039116
296 0.009732 3.041123 0.791943 0.990268 0.497825 0.260823
297 0.009732 3.041123 0.791943 0.990268 0.499852 0.293247
298 0.009732 3.041123 0.791943 0.990268 0.499581 0.422593
299 0.009732 3.041123 0.791943 0.990268 0.502197 0.168395
300 0.009732 3.041123 0.791943 0.990268 0.501824 0.127904
301 0.009732 3.041123 0.791943 0.990268 0.501623 0.251130
302 0.009732 3.041123 0.791943 0.990268 0.506424 0.250617
303 0.009732 3.041123 0.791943 0.990268 0.507591 0.108235
304 0.009732 3.041123 0.791943 0.990268 0.505224 0.251543
305 0.009732 3.041123 0.791943 0.990268 0.493929 0.093371
306 0.009732 3.041123 0.791943 0.990268 0.499906 0.107600
307 0.009732 3.041123 0.791943 0.990268 0.498073 0.208924
308 0.009732 3.041123 0.791943 0.990268 0.504608 0.386413
309 0.009732 3.041123 0.791943 0.990268 0.481957 0.154833
310 0.009732 3.041123 0.791943 0.990268 0.498512 0.135066
311 0.009732 3.041123 0.791943 0.990268 0.498105 0.333532
312 0.009732 3.041123 0.791943 0.990268 0.501946 0.244890
313 0.009732 3.041123 0.791943 0.990268 0.497577 0.193647
314 0.009732 3.041123 0.791943 0.990268 0.507724 0.405933
315 0.009732 3.041123 0.791943 0.990268 0.504991 0.145163
316 0.009732 3.041123 0.791943 0.990268 0.493844 0.259928
317 0.009732 3.041123 0.791943 0.990268 0.489973 0.210528
318 0.009732 3.041123 0.791943 0.990268 0.505900 0.155770
319 0.009732 3.041123 0.791943 0.990268 0.493848 0.184623
320 0.009732 3.041123 0.791943 0.990268 0.499224 0.171662
321 0.009732 3.041123 0.791943 0.990268 0.495873 0.044416
322 0.009732 3.041123 0.791943 0.990268 0.502288 0.160937
323 0.009732 3.041123 0.791943 0.990268 0.497894 0.056693
324 0.009732 3.041123 0.791943 0.990268 0.495874 0.344011
325 0.009732 3.041123 0.791943 0.990268 0.502644 0.191682
326 0.009732 3.041123 0.791943 0.990268 0.509888 0.079329
327 0.009732 3.041123 0.791943 0.990268 0.503905 0.392605
328 0.009732 3.041123 0.791943 0.990268 0.483128 0.094832
329 0.009732 3.041123 0.791943 0.990268 0.502502 0.310381
330 0.009732 3.041123 0.791943 0.990268 0.505206 0.296975
331 0.009732 3.041123 0.791943 0.990268 0.509283 0.154655
332 0.009732 3.041123 0.791943 0.990268 0.507635 0.156106
333 0.009732 3.041123 0.791943 0.990268 0.500111 0.057128
334 0.009732 3.041123 0.791943 0.990268 0.511019 0.254905
335 0.009732 3.041123 0.791943 0.990268 0.504420 0.332326
336 0.009732 3.041123 0.791943 0.990268 0.500650 0.256105
337 0.009732 3.041123 0.791943 0.990268 0.496762 0.151875
338 0.009732 3.041123 0.791943 0.990268 0.497475 0.031282
339 0.009732 3.041123 0.791943 0.990268 0.498774 0.152804
340 0.009732 3.041123 0.791943 0.990268 0.499456 0.307427
341 0.009732 3.041123 0.791943 0.990268 0.500576 0.214566
342 0.009732 3.041123 0.791943 0.990268 0.500351 0.205325
343 0.009732 3.041123 0.791943 0.990268 0.494606 0.084175
344 0.009732 3.041123 0.791943 0.990268 0.497197 0.096834
345 0.009732 3.041123 0.791943 0.990268 0.494099 0.117806
346 0.009732 3.041123 0.791943 0.990268 0.496098 0.162026
347 0.009732 3.041123 0.791943 0.990268 0.496140 0.208193
348 0.009732 3.041123 0.791943 0.990268 0.495249 0.077074
349 0.009732 3.041123 0.791943 0.990268 0.503335 0.207258
350 0.009732 3.041123 0.791943 0.990268 0.489138 0.062968
351 0.009732 3.041123 0.791943 0.990268 0.502296 0.398912
352 0.009732 3.041123 0.791943 0.990268 0.495434 0.208221
353 0.009732 3.041123 0.791943 0.990268 0.498134 0.153932
354 0.009732 3.041123 0.791943 0.990268 0.501063 0.190629
355 0.009732 3.041123 0.791943 0.990268 0.496467 0.251571
356 0.009732 3.041123 0.791943 0.990268 0.504050 0.340434
357 0.009732 3.041123 0.791943 0.990268 0.494678 0.131513
358 0.009732 3.041123 0.791943 0.990268 0.492743 0.269676
359 0.009732 3.041123 0.791943 0.990268 0.494119 0.188786
360 0.009732 3.041123 0.791943 0.990268 0.491443 0.154261
361 0.009732 3.041123 0.791943 0.990268 0.508083 0.293171
362 0.009732 3.041123 0.791943 0.990268 0.493980 0.120935
363 0.009732 3.041123 0.791943 0.990268 0.503581 0.370622
364 0.009732 3.041123 0.791943 0.990268 0.493087 0.059175
365 0.009732 3.041123 0.791943 0.990268 0.496637 0.286761
366 0.009732 3.041123 0.791943 0.990268 0.496782 0.219889
367 0.009732 3.041123 0.791943 0.990268 0.503376 0.389243
368 0.009732 3.041123 0.791943 0.990268 0.505899 0.305896
369 0.009732 3.041123 0.791943 0.990268 0.497164 0.085131
370 0.009732 3.041123 0.791943 0.990268 0.504502 0.162918
371 0.009732 3.041123 0.791943 0.990268 0.504108 0.285675
372 0.009732 3.041123 0.791943 0.990268 0.504505 0.205525
373 0.009732 3.041123 0.791943 0.990268 0.494368 0.264677
374 0.009732 3.041123 0.791943 0.990268 0.500931 0.343906
375 0.009732 3.041123 0.791943 0.990268 0.497606 0.104274
376 0.009732 3.041123 0.791943 0.990268 0.497465 0.031381
377 0.009732 3.041123 0.791943 0.990268 0.510806 0.312288
378 0.009732 3.041123 0.791943 0.990268 0.497473 0.078763
379 0.009732 3.041123 0.791943 0.990268 0.490727 0.205931
380 0.009732 3.041123 0.791943 0.990268 0.512106 0.343238
381 0.009732 3.041123 0.791943 0.990268 0.505224 0.150536
382 0.009732 3.041123 0.791943 0.990268 0.501117 0.204593
383 0.009732 3.041123 0.791943 0.990268 0.499241 0.194234
384 0.009732 3.041123 0.791943 0.990268 0.511380 0.455973
385 0.009732 3.041123 0.791943 0.990268 0.504399 0.220473
386 0.009732 3.041123 0.791943 0.990268 0.507833 0.408875
387 0.009732 3.041123 0.791943 0.990268 0.499614 0.162047
388 0.009732 3.041123 0.791943 0.990268 0.500007 0.160493
389 0.009732 3.041123 0.791943 0.990268 0.509480 0.244839
390 0.009732 3.041123 0.791943 0.990268 0.498420 0.297307
391 0.009732 3.041123 0.791943 0.990268 0.489787 0.120926
392 0.009732 3.041123 0.791943 0.990268 0.502382 0.162866
393 0.009732 3.041123 0.791943 0.990268 0.500653 0.151438
394 0.009732 3.041123 0.791943 0.990268 0.504310 0.152610
395 0.009732 3.041123 0.791943 0.990268 0.511854 0.353053
396 0.009732 3.041123 0.791943 0.990268 0.500752 0.057258
397 0.009732 3.041123 0.791943 0.990268 0.491666 0.293169
398 0.009732 3.041123 0.791943 0.990268 0.505677 0.282528
399 0.009732 3.041123 0.791943 0.990268 0.498614 0.226994
400 0.009732 3.041123 0.791943 0.990268 0.490215 0.229276
401 0.009732 3.041123 0.791943 0.990268 0.487182 0.059610
402 0.009732 3.041123 0.791943 0.990268 0.513352 0.142592
403 0.009732 3.041123 0.791943 0.990268 0.499148 0.152842
404 0.009732 3.041123 0.791943 0.990268 0.492016 0.158184
405 0.009732 3.041123 0.791943 0.990268 0.509958 0.209921
406 0.009732 3.041123 0.791943 0.990268 0.510245 0.317935
407 0.009732 3.041123 0.791943 0.990268 0.493715 0.156331
408 0.009732 3.041123 0.791943 0.990268 0.499914 0.425728
409 0.009732 3.041123 0.791943 0.990268 0.500794 0.319657
410 0.009732 3.041123 0.791943 0.990268 0.505889 0.203441
411 0.009732 3.041123 0.791943 0.990268 0.503056 0.190038
412 0.009732 3.041123 0.791943 0.990268 0.499076 0.221733
413 0.009732 3.041123 0.791943 0.990268 0.507380 0.359857
414 0.009732 3.041123 0.791943 0.990268 0.504764 0.296945
415 0.009732 3.041123 0.791943 0.990268 0.507695 0.346136
416 0.009732 3.041123 0.791943 0.990268 0.499688 0.224174
417 0.009732 3.041123 0.791943 0.990268 0.500572 0.324008
418 0.009732 3.041123 0.791943 0.990268 0.487823 0.067704
419 0.009732 3.041123 0.791943 0.990268 0.505091 0.242181
420 0.009732 3.041123 0.791943 0.990268 0.499295 0.010340
421 0.009732 3.041123 0.791943 0.990268 0.501487 0.210239
422 0.009732 3.041123 0.791943 0.990268 0.493321 0.155717
423 0.009732 3.041123 0.791943 0.990268 0.500739 0.293369
424 0.009732 3.041123 0.791943 0.990268 0.495178 0.117056
425 0.009732 3.041123 0.791943 0.990268 0.503210 0.338940
426 0.009732 3.041123 0.791943 0.990268 0.493294 0.206718
427 0.009732 3.041123 0.791943 0.990268 0.503712 0.261320
428 0.009732 3.041123 0.791943 0.990268 0.497898 0.294460
429 0.009732 3.041123 0.791943 0.990268 0.501802 0.213073
430 0.009732 3.041123 0.791943 0.990268 0.490246 0.103822
431 0.009732 3.041123 0.791943 0.990268 0.499609 0.026890
432 0.009732 3.041123 0.791943 0.990268 0.504659 0.210127
433 0.009732 3.041123 0.791943 0.990268 0.506972 0.195419
434 0.009732 3.041123 0.791943 0.990268 0.502017 0.142208
435 0.009732 3.041123 0.791943 0.990268 0.498378 0.028096
436 0.009732 3.041123 0.791943 0.990268 0.502640 0.344345
437 0.009732 3.041123 0.791943 0.990268 0.501473 0.190956
438 0.009732 3.041123 0.791943 0.990268 0.493325 0.265964
439 0.009732 3.041123 0.791943 0.990268 0.509241 0.385293
440 0.009732 3.041123 0.791943 0.990268 0.496290 0.334029
441 0.009732 3.041123 0.791943 0.990268 0.504509 0.260186
442 0.009732 3.041123 0.791943 0.990268 0.497525 0.130967
443 0.009732 3.041123 0.791943 0.990268 0.501532 0.340906
444 0.009732 3.041123 0.791943 0.990268 0.497570 0.056732
445 0.009732 3.041123 0.791943 0.990268 0.498139 0.030099
446 0.009732 3.041123 0.791943 0.990268 0.493678 0.156754
447 0.009732 3.041123 0.791943 0.990268 0.504791 0.295668
448 0.009732 3.041123 0.791943 0.990268 0.499698 0.102138
449 0.009732 3.041123 0.791943 0.990268 0.499528 0.159687
450 0.009732 3.041123 0.791943 0.990268 0.503847 0.209585
451 0.009732 3.041123 0.791943 0.990268 0.490421 0.086404
452 0.009732 3.041123 0.791943 0.990268 0.506749 0.204355
453 0.009732 3.041123 0.791943 0.990268 0.500224 0.224320
454 0.009732 3.041123 0.791943 0.990268 0.498310 0.390172
455 0.009732 3.041123 0.791943 0.990268 0.501065 0.192452
456 0.009732 3.041123 0.791943 0.990268 0.500394 0.249352
457 0.009732 3.041123 0.791943 0.990268 0.502002 0.358077
458 0.009732 3.041123 0.791943 0.990268 0.504546 0.187324
459 0.009732 3.041123 0.791943 0.990268 0.499180 0.237659
460 0.009732 3.041123 0.791943 0.990268 0.501194 0.272251
461 0.009732 3.041123 0.791943 0.990268 0.499100 0.332223
462 0.009732 3.041123 0.791943 0.990268 0.500196 0.273930
463 0.009732 3.041123 0.791943 0.990268 0.516449 0.188280
464 0.009732 3.041123 0.791943 0.990268 0.503937 0.304067
465 0.009732 3.041123 0.791943 0.990268 0.501406 0.386798
466 0.009732 3.041123 0.791943 0.990268 0.503604 0.211120
467 0.009732 3.041123 0.791943 0.990268 0.513405 0.253217
468 0.009732 3.041123 0.791943 0.990268 0.493443 0.174360
469 0.009732 3.041123 0.791943 0.990268 0.500188 0.235528
470 0.009732 3.041123 0.791943 0.990268 0.509861 0.212497
471 0.009732 3.041123 0.791943 0.990268 0.496850 0.194962
472 0.009732 3.041123 0.791943 0.990268 0.490201 0.250876
473 0.009732 3.041123 0.791943 0.990268 0.505330 0.131327
474 0.009732 3.041123 0.791943 0.990268 0.509401 0.251041
475 0.009732 3.041123 0.791943 0.990268 0.508343 0.337639
476 0.009732 3.041123 0.791943 0.990268 0.510546 0.205174
477 0.009732 3.041123 0.791943 0.990268 0.493515 0.201859
478 0.009732 3.041123 0.791943 0.990268 0.502542 0.332878
479 0.009732 3.041123 0.791943 0.990268 0.501639 0.385894
480 0.009732 3.041123 0.791943 0.990268 0.496221 0.329927
481 0.009732 3.041123 0.791943 0.990268 0.502338 0.395861
482 0.009732 3.041123 0.791943 0.990268 0.496314 0.129279
483 0.009732 3.041123 0.791943 0.990268 0.500519 0.253375
484 0.009732 3.041123 0.791943 0.990268 0.492586 0.022287
485 0.009732 3.041123 0.791943 0.990268 0.505169 0.011278
486 0.009732 3.041123 0.791943 0.990268 0.500150 0.351855
487 0.009732 3.041123 0.791943 0.990268 0.504118 0.303300
488 0.009732 3.041123 0.791943 0.990268 0.500812 0.204034
489 0.009732 3.041123 0.791943 0.990268 0.505333 0.303169
490 0.009732 3.041123 0.791943 0.990268 0.495938 0.058437
491 0.009732 3.041123 0.791943 0.990268 0.499533 0.026592
492 0.009732 3.041123 0.791943 0.990268 0.508523 0.161953
493 0.009732 3.041123 0.791943 0.990268 0.501841 0.238982
494 0.009732 3.041123 0.791943 0.990268 0.505523 0.433416
495 0.009732 3.041123 0.791943 0.990268 0.498244 0.363319
496 0.009732 3.041123 0.791943 0.990268 0.485984 0.105491
497 0.009732 3.041123 0.791943 0.990268 0.493138 0.120450
498 0.009732 3.041123 0.791943 0.990268 0.491610 0.156880
499 0.009732 3.041123 0.791943 0.990268 0.495579 0.360210
