Lp  F6        x1       x2        Ocena     Średni    Najgorszy
0 0.288025 -8.439765 20.491341 0.711975 0.497944 0.151240
1 0.099653 -2.153048 1.838712 0.900347 0.504111 0.345651
2 0.062885 -1.857023 2.232395 0.937115 0.497160 0.295963
3 0.062885 -1.857023 2.232395 0.937115 0.501553 0.262566
4 0.062885 -1.857023 2.232395 0.937115 0.502817 0.251195
5 0.062885 -1.857023 2.232395 0.937115 0.498625 0.203893
6 0.062885 -1.857023 2.232395 0.937115 0.506169 0.221298
7 0.062885 -1.857023 2.232395 0.937115 0.492334 0.226223
8 0.062885 -1.857023 2.232395 0.937115 0.501628 0.259252
9 0.062885 -1.857023 2.232395 0.937115 0.502139 0.114391
10 0.062885 -1.857023 2.232395 0.937115 0.499328 0.024179
11 0.062885 -1.857023 2.232395 0.937115 0.496977 0.152608
12 0.062885 -1.857023 2.232395 0.937115 0.489867 0.255976
13 0.062885 -1.857023 2.232395 0.937115 0.508397 0.360153
14 0.062885 -1.857023 2.232395 0.937115 0.503252 0.280446
15 0.062885 -1.857023 2.232395 0.937115 0.505604 0.260280
16 0.025164 2.214084 2.043183 0.974836 0.506211 0.230251
17 0.025164 2.214084 2.043183 0.974836 0.502687 0.376951
18 0.025164 2.214084 2.043183 0.974836 0.503820 0.406044
19 0.025164 2.214084 2.043183 0.974836 0.486513 0.112346
20 0.025164 2.214084 2.043183 0.974836 0.498453 0.333220
21 0.025164 2.214084 2.043183 0.974836 0.494195 0.200092
22 0.025164 2.214084 2.043183 0.974836 0.511302 0.393229
23 0.025164 2.214084 2.043183 0.974836 0.497826 0.122358
24 0.025164 2.214084 2.043183 0.974836 0.499118 0.343781
25 0.025164 2.214084 2.043183 0.974836 0.498630 0.267700
26 0.025164 2.214084 2.043183 0.974836 0.503458 0.216870
27 0.025164 2.214084 2.043183 0.974836 0.501569 0.277929
28 0.025164 2.214084 2.043183 0.974836 0.499730 0.275658
29 0.025164 2.214084 2.043183 0.974836 0.512154 0.263031
30 0.025164 2.214084 2.043183 0.974836 0.495832 0.250897
31 0.025164 2.214084 2.043183 0.974836 0.492096 0.226821
32 0.025164 2.214084 2.043183 0.974836 0.500334 0.224539
33 0.025164 2.214084 2.043183 0.974836 0.503561 0.298849
34 0.025164 2.214084 2.043183 0.974836 0.490575 0.143090
35 0.025164 2.214084 2.043183 0.974836 0.503105 0.128897
36 0.025164 2.214084 2.043183 0.974836 0.506769 0.147519
37 0.025164 2.214084 2.043183 0.974836 0.491265 0.037814
38 0.025164 2.214084 2.043183 0.974836 0.495563 0.136862
39 0.025164 2.214084 2.043183 0.974836 0.503897 0.177789
40 0.025164 2.214084 2.043183 0.974836 0.492918 0.060622
41 0.025164 2.214084 2.043183 0.974836 0.498138 0.252375
42 0.025164 2.214084 2.043183 0.974836 0.508336 0.413592
43 0.025164 2.214084 2.043183 0.974836 0.508849 0.056390
44 0.025164 2.214084 2.043183 0.974836 0.498205 0.213201
45 0.025164 2.214084 2.043183 0.974836 0.488293 0.165139
46 0.025164 2.214084 2.043183 0.974836 0.505315 0.092014
47 0.025164 2.214084 2.043183 0.974836 0.495915 0.152600
48 0.025164 2.214084 2.043183 0.974836 0.505378 0.126901
49 0.025164 2.214084 2.043183 0.974836 0.502225 0.345886
50 0.025164 2.214084 2.043183 0.974836 0.495685 0.079507
51 0.025164 2.214084 2.043183 0.974836 0.497836 0.198716
52 0.025164 2.214084 2.043183 0.974836 0.505673 0.120061
53 0.025164 2.214084 2.043183 0.974836 0.499173 0.280163
54 0.025164 2.214084 2.043183 0.974836 0.504304 0.340484
55 0.025164 2.214084 2.043183 0.974836 0.497397 0.264536
56 0.025164 2.214084 2.043183 0.974836 0.499722 0.134034
57 0.025164 2.214084 2.043183 0.974836 0.493423 0.108429
58 0.025164 2.214084 2.043183 0.974836 0.507458 0.414147
59 0.025164 2.214084 2.043183 0.974836 0.503702 0.194644
60 0.025164 2.214084 2.043183 0.974836 0.512707 0.365065
61 0.025164 2.214084 2.043183 0.974836 0.512357 0.437843
62 0.025164 2.214084 2.043183 0.974836 0.503027 0.021616
63 0.025164 2.214084 2.043183 0.974836 0.502425 0.331430
64 0.025164 2.214084 2.043183 0.974836 0.508353 0.278484
65 0.025164 2.214084 2.043183 0.974836 0.502524 0.166373
66 0.025164 2.214084 2.043183 0.974836 0.497615 0.057078
67 0.025164 2.214084 2.043183 0.974836 0.490477 0.239067
68 0.025164 2.214084 2.043183 0.974836 0.499361 0.353603
69 0.025164 2.214084 2.043183 0.974836 0.516018 0.183680
70 0.025164 2.214084 2.043183 0.974836 0.502508 0.321120
71 0.025164 2.214084 2.043183 0.974836 0.504895 0.144203
72 0.025164 2.214084 2.043183 0.974836 0.504561 0.268700
73 0.025164 2.214084 2.043183 0.974836 0.508859 0.181631
74 0.025164 2.214084 2.043183 0.974836 0.499612 0.387963
75 0.025164 2.214084 2.043183 0.974836 0.508103 0.387719
76 0.025164 2.214084 2.043183 0.974836 0.506485 0.319230
77 0.025164 2.214084 2.043183 0.974836 0.488624 0.126749
78 0.025164 2.214084 2.043183 0.974836 0.501184 0.256746
79 0.025164 2.214084 2.043183 0.974836 0.496481 0.210380
80 0.025164 2.214084 2.043183 0.974836 0.503615 0.295341
81 0.025164 2.214084 2.043183 0.974836 0.500735 0.213599
82 0.025164 2.214084 2.043183 0.974836 0.490139 0.113253
83 0.025164 2.214084 2.043183 0.974836 0.498964 0.108313
84 0.025164 2.214084 2.043183 0.974836 0.492069 0.105666
85 0.025164 2.214084 2.043183 0.974836 0.500879 0.213258
86 0.025164 2.214084 2.043183 0.974836 0.510513 0.272857
87 0.025164 2.214084 2.043183 0.974836 0.492421 0.061374
88 0.025164 2.214084 2.043183 0.974836 0.491851 0.257655
89 0.025164 2.214084 2.043183 0.974836 0.490736 0.063126
90 0.025164 2.214084 2.043183 0.974836 0.508841 0.310108
91 0.025164 2.214084 2.043183 0.974836 0.492810 0.073193
92 0.025164 2.214084 2.043183 0.974836 0.493042 0.102216
93 0.025164 2.214084 2.043183 0.974836 0.501372 0.060097
94 0.025164 2.214084 2.043183 0.974836 0.503136 0.264992
95 0.025164 2.214084 2.043183 0.974836 0.512634 0.387875
96 0.025164 2.214084 2.043183 0.974836 0.498944 0.189088
97 0.025164 2.214084 2.043183 0.974836 0.503934 0.334835
98 0.025164 2.214084 2.043183 0.974836 0.494340 0.113956
99 0.025164 2.214084 2.043183 0.974836 0.489860 0.206702
100 0.025164 2.214084 2.043183 0.974836 0.500324 0.087013
101 0.025164 2.214084 2.043183 0.974836 0.500385 0.293191
102 0.025164 2.214084 2.043183 0.974836 0.496608 0.029307
103 0.025164 2.214084 2.043183 0.974836 0.498037 0.229197
104 0.025164 2.214084 2.043183 0.974836 0.498334 0.141840
105 0.025164 2.214084 2.043183 0.974836 0.491366 0.119147
106 0.025164 2.214084 2.043183 0.974836 0.500235 0.221649
107 0.025164 2.214084 2.043183 0.974836 0.514559 0.366599
108 0.025164 2.214084 2.043183 0.974836 0.502218 0.302244
109 0.025164 2.214084 2.043183 0.974836 0.506714 0.258188
110 0.025164 2.214084 2.043183 0.974836 0.494827 0.339068
111 0.025164 2.214084 2.043183 0.974836 0.506533 0.087139
112 0.025164 2.214084 2.043183 0.974836 0.501607 0.296897
113 0.025164 2.214084 2.043183 0.974836 0.494150 0.205937
114 0.025164 2.214084 2.043183 0.974836 0.494339 0.261505
115 0.025164 2.214084 2.043183 0.974836 0.498320 0.050926
116 0.025164 2.214084 2.043183 0.974836 0.497953 0.124471
117 0.025164 2.214084 2.043183 0.974836 0.510161 0.355509
118 0.025164 2.214084 2.043183 0.974836 0.504259 0.204013
119 0.015418 2.915999 -1.353475 0.984582 0.503731 0.337860
120 0.015418 2.915999 -1.353475 0.984582 0.499831 0.177864
121 0.015418 2.915999 -1.353475 0.984582 0.496942 0.179334
122 0.015418 2.915999 -1.353475 0.984582 0.500014 0.266069
123 0.015418 2.915999 -1.353475 0.984582 0.507434 0.429285
124 0.015418 2.915999 -1.353475 0.984582 0.519542 0.366883
125 0.015418 2.915999 -1.353475 0.984582 0.503456 0.021565
126 0.015418 2.915999 -1.353475 0.984582 0.502795 0.232275
127 0.015418 2.915999 -1.353475 0.984582 0.501919 0.153724
128 0.015418 2.915999 -1.353475 0.984582 0.508116 0.216613
129 0.015418 2.915999 -1.353475 0.984582 0.497648 0.154412
130 0.015418 2.915999 -1.353475 0.984582 0.503784 0.291562
131 0.015418 2.915999 -1.353475 0.984582 0.503701 0.109402
132 0.015418 2.915999 -1.353475 0.984582 0.502652 0.227918
133 0.015418 2.915999 -1.353475 0.984582 0.492197 0.105911
134 0.015418 2.915999 -1.353475 0.984582 0.497334 0.237848
135 0.015418 2.915999 -1.353475 0.984582 0.497801 0.154495
136 0.015418 2.915999 -1.353475 0.984582 0.503633 0.329570
137 0.015418 2.915999 -1.353475 0.984582 0.485539 0.075910
138 0.015418 2.915999 -1.353475 0.984582 0.503032 0.258085
139 0.015418 2.915999 -1.353475 0.984582 0.507498 0.295323
140 0.015418 2.915999 -1.353475 0.984582 0.496146 0.191282
141 0.015418 2.915999 -1.353475 0.984582 0.501432 0.301054
142 0.015418 2.915999 -1.353475 0.984582 0.481698 0.059160
143 0.015418 2.915999 -1.353475 0.984582 0.492810 0.191274
144 0.015418 2.915999 -1.353475 0.984582 0.494169 0.208680
145 0.015418 2.915999 -1.353475 0.984582 0.488145 0.194906
146 0.015418 2.915999 -1.353475 0.984582 0.502382 0.241312
147 0.015418 2.915999 -1.353475 0.984582 0.511047 0.449496
148 0.015418 2.915999 -1.353475 0.984582 0.499249 0.367550
149 0.015418 2.915999 -1.353475 0.984582 0.503442 0.355735
150 0.015418 2.915999 -1.353475 0.984582 0.510689 0.279550
151 0.015418 2.915999 -1.353475 0.984582 0.511967 0.317940
152 0.015418 2.915999 -1.353475 0.984582 0.498001 0.055629
153 0.015418 2.915999 -1.353475 0.984582 0.497603 0.056540
154 0.015418 2.915999 -1.353475 0.984582 0.507873 0.421700
155 0.015418 2.915999 -1.353475 0.984582 0.509824 0.385859
156 0.015418 2.915999 -1.353475 0.984582 0.498395 0.252714
157 0.015418 2.915999 -1.353475 0.984582 0.500727 0.204177
158 0.015418 2.915999 -1.353475 0.984582 0.503939 0.261297
159 0.015418 2.915999 -1.353475 0.984582 0.498229 0.061073
160 0.015418 2.915999 -1.353475 0.984582 0.502638 0.252200
161 0.015418 2.915999 -1.353475 0.984582 0.492255 0.213721
162 0.015418 2.915999 -1.353475 0.984582 0.481561 0.057857
163 0.015418 2.915999 -1.353475 0.984582 0.502601 0.230015
164 0.015418 2.915999 -1.353475 0.984582 0.507797 0.261187
165 0.015418 2.915999 -1.353475 0.984582 0.511123 0.417822
166 0.015418 2.915999 -1.353475 0.984582 0.496896 0.128247
167 0.015418 2.915999 -1.353475 0.984582 0.496208 0.183545
168 0.015418 2.915999 -1.353475 0.984582 0.504954 0.356723
169 0.015418 2.915999 -1.353475 0.984582 0.498664 0.278137
170 0.015418 2.915999 -1.353475 0.984582 0.497829 0.228192
171 0.015418 2.915999 -1.353475 0.984582 0.498213 0.112897
172 0.015418 2.915999 -1.353475 0.984582 0.512748 0.056779
173 0.015418 2.915999 -1.353475 0.984582 0.501152 0.268535
174 0.015418 2.915999 -1.353475 0.984582 0.511201 0.155268
175 0.015418 2.915999 -1.353475 0.984582 0.484760 0.102243
176 0.015418 2.915999 -1.353475 0.984582 0.498093 0.129352
177 0.015418 2.915999 -1.353475 0.984582 0.485755 0.158652
178 0.015418 2.915999 -1.353475 0.984582 0.490872 0.153591
179 0.015418 2.915999 -1.353475 0.984582 0.497667 0.218316
180 0.015418 2.915999 -1.353475 0.984582 0.503425 0.251441
181 0.015418 2.915999 -1.353475 0.984582 0.487078 0.120681
182 0.015418 2.915999 -1.353475 0.984582 0.501752 0.243637
183 0.015418 2.915999 -1.353475 0.984582 0.493094 0.103947
184 0.015418 2.915999 -1.353475 0.984582 0.496616 0.363761
185 0.015418 2.915999 -1.353475 0.984582 0.502768 0.021349
186 0.015418 2.915999 -1.353475 0.984582 0.492786 0.093309
187 0.015418 2.915999 -1.353475 0.984582 0.502105 0.251076
188 0.015418 2.915999 -1.353475 0.984582 0.500960 0.078059
189 0.015418 2.915999 -1.353475 0.984582 0.494315 0.136494
190 0.015418 2.915999 -1.353475 0.984582 0.502268 0.296866
191 0.015418 2.915999 -1.353475 0.984582 0.493003 0.156696
192 0.015418 2.915999 -1.353475 0.984582 0.494599 0.083379
193 0.015418 2.915999 -1.353475 0.984582 0.498973 0.264662
194 0.015418 2.915999 -1.353475 0.984582 0.494238 0.114836
195 0.015418 2.915999 -1.353475 0.984582 0.491482 0.163725
196 0.015418 2.915999 -1.353475 0.984582 0.493117 0.211595
197 0.015418 2.915999 -1.353475 0.984582 0.497452 0.260486
198 0.015418 2.915999 -1.353475 0.984582 0.503910 0.258552
199 0.015418 2.915999 -1.353475 0.984582 0.503954 0.206128
200 0.015418 2.915999 -1.353475 0.984582 0.505999 0.385352
201 0.015418 2.915999 -1.353475 0.984582 0.495465 0.226251
202 0.015418 2.915999 -1.353475 0.984582 0.496039 0.325213
203 0.015418 2.915999 -1.353475 0.984582 0.505872 0.342002
204 0.015418 2.915999 -1.353475 0.984582 0.499766 0.142366
205 0.013959 1.478599 -2.842756 0.986041 0.507749 0.324221
206 0.013959 1.478599 -2.842756 0.986041 0.512732 0.208135
207 0.013959 1.478599 -2.842756 0.986041 0.495930 0.245535
208 0.013959 1.478599 -2.842756 0.986041 0.499781 0.212033
209 0.013959 1.478599 -2.842756 0.986041 0.512544 0.154750
210 0.013959 1.478599 -2.842756 0.986041 0.497504 0.220416
211 0.013959 1.478599 -2.842756 0.986041 0.503969 0.295102
212 0.013959 1.478599 -2.842756 0.986041 0.502363 0.075522
213 0.013959 1.478599 -2.842756 0.986041 0.498406 0.199555
214 0.013959 1.478599 -2.842756 0.986041 0.504371 0.326721
215 0.013959 1.478599 -2.842756 0.986041 0.493782 0.203499
216 0.013959 1.478599 -2.842756 0.986041 0.485494 0.052774
217 0.013959 1.478599 -2.842756 0.986041 0.497781 0.209189
218 0.013959 1.478599 -2.842756 0.986041 0.499002 0.365725
219 0.010089 -0.914015 3.022812 0.989911 0.498741 0.222205
220 0.010089 -0.914015 3.022812 0.989911 0.499303 0.104952
221 0.010089 -0.914015 3.022812 0.989911 0.504888 0.158200
222 0.010089 -0.914015 3.022812 0.989911 0.502509 0.189764
223 0.010089 -0.914015 3.022812 0.989911 0.502210 0.212405
224 0.010089 -0.914015 3.022812 0.989911 0.500984 0.180709
225 0.010089 -0.914015 3.022812 0.989911 0.496631 0.244885
226 0.010089 -0.914015 3.022812 0.989911 0.503647 0.339227
227 0.010089 -0.914015 3.022812 0.989911 0.505618 0.206991
228 0.010089 -0.914015 3.022812 0.989911 0.492589 0.102027
229 0.010089 -0.914015 3.022812 0.989911 0.502799 0.234920
230 0.010089 -0.914015 3.022812 0.989911 0.496586 0.168841
231 0.010089 -0.914015 3.022812 0.989911 0.501153 0.160356
232 0.010089 -0.914015 3.022812 0.989911 0.495425 0.153527
233 0.010089 -0.914015 3.022812 0.989911 0.495998 0.205290
234 0.010089 -0.914015 3.022812 0.989911 0.504663 0.282661
235 0.010089 -0.914015 3.022812 0.989911 0.507051 0.241880
236 0.010089 -0.914015 3.022812 0.989911 0.497996 0.065237
237 0.010089 -0.914015 3.022812 0.989911 0.503871 0.231332
238 0.010089 -0.914015 3.022812 0.989911 0.507769 0.305975
239 0.010089 -0.914015 3.022812 0.989911 0.506246 0.109666
240 0.010089 -0.914015 3.022812 0.989911 0.485898 0.101727
241 0.010089 -0.914015 3.022812 0.989911 0.502819 0.219538
242 0.010089 -0.914015 3.022812 0.989911 0.502866 0.419513
243 0.010089 -0.914015 3.022812 0.989911 0.498352 0.038264
244 0.010089 -0.914015 3.022812 0.989911 0.510116 0.226133
245 0.010089 -0.914015 3.022812 0.989911 0.499323 0.293887
246 0.010089 -0.914015 3.022812 0.989911 0.493421 0.210751
247 0.010089 -0.914015 3.022812 0.989911 0.505594 0.146116
248 0.010089 -0.914015 3.022812 0.989911 0.506313 0.102369
249 0.010089 -0.914015 3.022812 0.989911 0.497999 0.269087
250 0.010089 -0.914015 3.022812 0.989911 0.508511 0.279941
251 0.010089 -0.914015 3.022812 0.989911 0.491798 0.156628
252 0.010089 -0.914015 3.022812 0.989911 0.509418 0.372599
253 0.010089 -0.914015 3.022812 0.989911 0.506960 0.306335
254 0.010089 -0.914015 3.022812 0.989911 0.495278 0.133649
255 0.010089 -0.914015 3.022812 0.989911 0.493059 0.121284
256 0.010089 -0.914015 3.022812 0.989911 0.501237 0.114951
257 0.010089 -0.914015 3.022812 0.989911 0.505485 0.207220
258 0.010089 -0.914015 3.022812 0.989911 0.506743 0.255420
259 0.010089 -0.914015 3.022812 0.989911 0.514283 0.296821
260 0.010089 -0.914015 3.022812 0.989911 0.510303 0.348467
261 0.010089 -0.914015 3.022812 0.989911 0.498305 0.160293
262 0.010089 -0.914015 3.022812 0.989911 0.493423 0.229402
263 0.010089 -0.914015 3.022812 0.989911 0.497997 0.177934
264 0.010089 -0.914015 3.022812 0.989911 0.498623 0.259190
265 0.010089 -0.914015 3.022812 0.989911 0.501416 0.344032
266 0.010089 -0.914015 3.022812 0.989911 0.505407 0.409239
267 0.010089 -0.914015 3.022812 0.989911 0.506943 0.085855
268 0.010089 -0.914015 3.022812 0.989911 0.505622 0.341334
269 0.010089 -0.914015 3.022812 0.989911 0.494254 0.235625
270 0.010089 -0.914015 3.022812 0.989911 0.498268 0.257054
271 0.010089 -0.914015 3.022812 0.989911 0.505454 0.234041
272 0.010089 -0.914015 3.022812 0.989911 0.499860 0.284686
273 0.010089 -0.914015 3.022812 0.989911 0.488045 0.164012
274 0.010089 -0.914015 3.022812 0.989911 0.500123 0.152875
275 0.010089 -0.914015 3.022812 0.989911 0.502715 0.153649
276 0.010089 -0.914015 3.022812 0.989911 0.491708 0.203610
277 0.010089 -0.914015 3.022812 0.989911 0.493603 0.025212
278 0.010089 -0.914015 3.022812 0.989911 0.504758 0.410085
279 0.010089 -0.914015 3.022812 0.989911 0.494640 0.254420
280 0.010089 -0.914015 3.022812 0.989911 0.495435 0.089042
281 0.010089 -0.914015 3.022812 0.989911 0.495006 0.243114
282 0.010089 -0.914015 3.022812 0.989911 0.487101 0.079558
283 0.010089 -0.914015 3.022812 0.989911 0.492389 0.294283
284 0.010089 -0.914015 3.022812 0.989911 0.492814 0.165691
285 0.010089 -0.914015 3.022812 0.989911 0.498874 0.149672
286 0.010089 -0.914015 3.022812 0.989911 0.509755 0.170838
287 0.010089 -0.914015 3.022812 0.989911 0.487207 0.232572
288 0.010089 -0.914015 3.022812 0.989911 0.496033 0.189091
289 0.010089 -0.914015 3.022812 0.989911 0.495863 0.271563
290 0.010089 -0.914015 3.022812 0.989911 0.498642 0.158587
291 0.010089 -0.914015 3.022812 0.989911 0.496319 0.209681
292 0.010089 -0.914015 3.022812 0.989911 0.494133 0.161760
293 0.010089 -0.914015 3.022812 0.989911 0.498597 0.320974
294 0.010089 -0.914015 3.022812 0.989911 0.503154 0.396237
295 0.010089 -0.914015 3.022812 0.989911 0.495887 0.124933
296 0.010089 -0.914015 3.022812 0.989911 0.490588 0.223457
297 0.010089 -0.914015 3.022812 0.989911 0.505450 0.273525
298 0.010089 -0.914015 3.022812 0.989911 0.496838 0.257224
299 0.010089 -0.914015 3.022812 0.989911 0.498326 0.100890
300 0.010089 -0.914015 3.022812 0.989911 0.505836 0.387090
301 0.010089 -0.914015 3.022812 0.989911 0.499819 0.210541
302 0.010089 -0.914015 3.022812 0.989911 0.509977 0.316381
303 0.010089 -0.914015 3.022812 0.989911 0.506406 0.211402
304 0.010089 -0.914015 3.022812 0.989911 0.489554 0.015671
305 0.010089 -0.914015 3.022812 0.989911 0.498011 0.251108
306 0.010089 -0.914015 3.022812 0.989911 0.492247 0.033180
307 0.010089 -0.914015 3.022812 0.989911 0.504585 0.340079
308 0.010089 -0.914015 3.022812 0.989911 0.498825 0.164089
309 0.010089 -0.914015 3.022812 0.989911 0.500154 0.242969
310 0.010089 -0.914015 3.022812 0.989911 0.497907 0.302178
311 0.010089 -0.914015 3.022812 0.989911 0.500089 0.261229
312 0.010089 -0.914015 3.022812 0.989911 0.486668 0.158647
313 0.010089 -0.914015 3.022812 0.989911 0.509923 0.294723
314 0.010089 -0.914015 3.022812 0.989911 0.505208 0.124335
315 0.010089 -0.914015 3.022812 0.989911 0.516869 0.354417
316 0.010089 -0.914015 3.022812 0.989911 0.511991 0.268288
317 0.010089 -0.914015 3.022812 0.989911 0.496869 0.266638
318 0.010089 -0.914015 3.022812 0.989911 0.502067 0.293342
319 0.010089 -0.914015 3.022812 0.989911 0.494825 0.162324
320 0.010089 -0.914015 3.022812 0.989911 0.511497 0.157554
321 0.010089 -0.914015 3.022812 0.989911 0.502621 0.331102
322 0.010089 -0.914015 3.022812 0.989911 0.502744 0.390477
323 0.010089 -0.914015 3.022812 0.989911 0.505516 0.155087
324 0.010089 -0.914015 3.022812 0.989911 0.500007 0.297448
325 0.010089 -0.914015 3.022812 0.989911 0.497073 0.263118
326 0.010089 -0.914015 3.022812 0.989911 0.503925 0.255180
327 0.010089 -0.914015 3.022812 0.989911 0.495751 0.160547
328 0.010089 -0.914015 3.022812 0.989911 0.517548 0.442787
329 0.010089 -0.914015 3.022812 0.989911 0.507314 0.340800
330 0.010089 -0.914015 3.022812 0.989911 0.507229 0.298463
331 0.010089 -0.914015 3.022812 0.989911 0.498367 0.177991
332 0.010089 -0.914015 3.022812 0.989911 0.507789 0.300952
333 0.010089 -0.914015 3.022812 0.989911 0.489768 0.056377
334 0.010089 -0.914015 3.022812 0.989911 0.497008 0.238940
335 0.010089 -0.914015 3.022812 0.989911 0.493799 0.286035
336 0.010089 -0.914015 3.022812 0.989911 0.499736 0.095615
337 0.010089 -0.914015 3.022812 0.989911 0.498077 0.274040
338 0.010089 -0.914015 3.022812 0.989911 0.509000 0.430204
339 0.010089 -0.914015 3.022812 0.989911 0.494957 0.289976
340 0.010089 -0.914015 3.022812 0.989911 0.495367 0.065465
341 0.010089 -0.914015 3.022812 0.989911 0.496436 0.115646
342 0.010089 -0.914015 3.022812 0.989911 0.495767 0.184205
343 0.010089 -0.914015 3.022812 0.989911 0.499077 0.205738
344 0.010089 -0.914015 3.022812 0.989911 0.505461 0.121357
345 0.010089 -0.914015 3.022812 0.989911 0.513054 0.354379
346 0.010089 -0.914015 3.022812 0.989911 0.497616 0.117304
347 0.010089 -0.914015 3.022812 0.989911 0.493152 0.064171
348 0.010089 -0.914015 3.022812 0.989911 0.500149 0.103727
349 0.010089 -0.914015 3.022812 0.989911 0.505205 0.332762
350 0.010089 -0.914015 3.022812 0.989911 0.503913 0.254542
351 0.010089 -0.914015 3.022812 0.989911 0.506033 0.166734
352 0.010089 -0.914015 3.022812 0.989911 0.508948 0.349234
353 0.010089 -0.914015 3.022812 0.989911 0.505585 0.366794
354 0.010089 -0.914015 3.022812 0.989911 0.504272 0.335035
355 0.010089 -0.914015 3.022812 0.989911 0.515054 0.397165
356 0.010089 -0.914015 3.022812 0.989911 0.498550 0.314314
357 0.010089 -0.914015 3.022812 0.989911 0.496939 0.019959
358 0.010089 -0.914015 3.022812 0.989911 0.499466 0.293791
359 0.010089 -0.914015 3.022812 0.989911 0.496305 0.103883
360 0.010089 -0.914015 3.022812 0.989911 0.495238 0.144095
361 0.010089 -0.914015 3.022812 0.989911 0.506751 0.171698
362 0.010089 -0.914015 3.022812 0.989911 0.497612 0.269240
363 0.010089 -0.914015 3.022812 0.989911 0.494602 0.236370
364 0.010089 -0.914015 3.022812 0.989911 0.499704 0.319164
365 0.010089 -0.914015 3.022812 0.989911 0.502344 0.234144
366 0.010089 -0.914015 3.022812 0.989911 0.498989 0.303430
367 0.010089 -0.914015 3.022812 0.989911 0.504566 0.048964
368 0.010089 -0.914015 3.022812 0.989911 0.502085 0.205920
369 0.010089 -0.914015 3.022812 0.989911 0.502450 0.221377
370 0.010089 -0.914015 3.022812 0.989911 0.500943 0.173126
371 0.010089 -0.914015 3.022812 0.989911 0.498111 0.285512
372 0.010089 -0.914015 3.022812 0.989911 0.501512 0.180964
373 0.010089 -0.914015 3.022812 0.989911 0.504509 0.329703
374 0.010089 -0.914015 3.022812 0.989911 0.495316 0.034489
375 0.010089 -0.914015 3.022812 0.989911 0.511964 0.175805
376 0.010089 -0.914015 3.022812 0.989911 0.500251 0.242032
377 0.010089 -0.914015 3.022812 0.989911 0.508178 0.293308
378 0.010089 -0.914015 3.022812 0.989911 0.502216 0.294454
379 0.010089 -0.914015 3.022812 0.989911 0.504724 0.240711
380 0.010089 -0.914015 3.022812 0.989911 0.490183 0.109394
381 0.010089 -0.914015 3.022812 0.989911 0.497614 0.186830
382 0.010089 -0.914015 3.022812 0.989911 0.491321 0.102410
383 0.010089 -0.914015 3.022812 0.989911 0.491082 0.058863
384 0.010089 -0.914015 3.022812 0.989911 0.496689 0.100458
385 0.010089 -0.914015 3.022812 0.989911 0.506910 0.219011
386 0.010089 -0.914015 3.022812 0.989911 0.504617 0.314424
387 0.010089 -0.914015 3.022812 0.989911 0.496022 0.261332
388 0.010089 -0.914015 3.022812 0.989911 0.502575 0.132945
389 0.010089 -0.914015 3.022812 0.989911 0.499256 0.281057
390 0.010089 -0.914015 3.022812 0.989911 0.496690 0.102156
391 0.010089 -0.914015 3.022812 0.989911 0.493812 0.153197
392 0.010089 -0.914015 3.022812 0.989911 0.490616 0.063418
393 0.010089 -0.914015 3.022812 0.989911 0.507043 0.423663
394 0.010089 -0.914015 3.022812 0.989911 0.500056 0.173508
395 0.010089 -0.914015 3.022812 0.989911 0.507590 0.158702
396 0.010089 -0.914015 3.022812 0.989911 0.497021 0.329865
397 0.010089 -0.914015 3.022812 0.989911 0.492246 0.179478
398 0.010089 -0.914015 3.022812 0.989911 0.515611 0.360172
399 0.010089 -0.914015 3.022812 0.989911 0.506725 0.192617
400 0.010089 -0.914015 3.022812 0.989911 0.503889 0.351194
401 0.010089 -0.914015 3.022812 0.989911 0.496975 0.107714
402 0.010089 -0.914015 3.022812 0.989911 0.487843 0.156935
403 0.010089 -0.914015 3.022812 0.989911 0.501368 0.107405
404 0.010089 -0.914015 3.022812 0.989911 0.480437 0.043166
405 0.010089 -0.914015 3.022812 0.989911 0.495956 0.203718
406 0.010089 -0.914015 3.022812 0.989911 0.501395 0.254261
407 0.010089 -0.914015 3.022812 0.989911 0.509087 0.114634
408 0.010089 -0.914015 3.022812 0.989911 0.494730 0.058683
409 0.010089 -0.914015 3.022812 0.989911 0.494253 0.156791
410 0.010089 -0.914015 3.022812 0.989911 0.499823 0.356129
411 0.010089 -0.914015 3.022812 0.989911 0.499346 0.321412
412 0.010089 -0.914015 3.022812 0.989911 0.493871 0.264236
413 0.010089 -0.914015 3.022812 0.989911 0.501875 0.429174
414 0.010089 -0.914015 3.022812 0.989911 0.495208 0.103839
415 0.010089 -0.914015 3.022812 0.989911 0.498005 0.314132
416 0.010089 -0.914015 3.022812 0.989911 0.505886 0.314354
417 0.010089 -0.914015 3.022812 0.989911 0.506940 0.248044
418 0.010089 -0.914015 3.022812 0.989911 0.489814 0.059113
419 0.010089 -0.914015 3.022812 0.989911 0.498129 0.125202
420 0.010089 -0.914015 3.022812 0.989911 0.499514 0.163822
421 0.010089 -0.914015 3.022812 0.989911 0.511291 0.320988
422 0.010089 -0.914015 3.022812 0.989911 0.509250 0.353055
423 0.010089 -0.914015 3.022812 0.989911 0.498306 0.139097
424 0.010089 -0.914015 3.022812 0.989911 0.492871 0.028513
425 0.010089 -0.914015 3.022812 0.989911 0.494437 0.065123
426 0.010089 -0.914015 3.022812 0.989911 0.505807 0.294029
427 0.010089 -0.914015 3.022812 0.989911 0.510941 0.360931
428 0.010089 -0.914015 3.022812 0.989911 0.499326 0.216954
429 0.010089 -0.914015 3.022812 0.989911 0.508175 0.408044
430 0.010089 -0.914015 3.022812 0.989911 0.512787 0.326823
431 0.010089 -0.914015 3.022812 0.989911 0.495617 0.118909
432 0.010089 -0.914015 3.022812 0.989911 0.501174 0.252742
433 0.010089 -0.914015 3.022812 0.989911 0.496250 0.153944
434 0.010089 -0.914015 3.022812 0.989911 0.486464 0.115776
435 0.010089 -0.914015 3.022812 0.989911 0.496954 0.215975
436 0.010089 -0.914015 3.022812 0.989911 0.496618 0.206567
437 0.010089 -0.914015 3.022812 0.989911 0.499188 0.225704
438 0.010089 -0.914015 3.022812 0.989911 0.500584 0.305782
439 0.010089 -0.914015 3.022812 0.989911 0.498681 0.092395
440 0.010089 -0.914015 3.022812 0.989911 0.494618 0.226180
441 0.010089 -0.914015 3.022812 0.989911 0.506215 0.395427
442 0.010089 -0.914015 3.022812 0.989911 0.501722 0.290669
443 0.010089 -0.914015 3.022812 0.989911 0.500783 0.333658
444 0.010089 -0.914015 3.022812 0.989911 0.495461 0.184623
445 0.010089 -0.914015 3.022812 0.989911 0.497097 0.267865
446 0.010089 -0.914015 3.022812 0.989911 0.495175 0.103087
447 0.010089 -0.914015 3.022812 0.989911 0.492001 0.253612
448 0.010089 -0.914015 3.022812 0.989911 0.511691 0.300028
449 0.010089 -0.914015 3.022812 0.989911 0.490261 0.264911
450 0.010089 -0.914015 3.022812 0.989911 0.497383 0.209716
451 0.010089 -0.914015 3.022812 0.989911 0.491303 0.107044
452 0.010089 -0.914015 3.022812 0.989911 0.504415 0.290615
453 0.010089 -0.914015 3.022812 0.989911 0.512752 0.312066
454 0.010089 -0.914015 3.022812 0.989911 0.503722 0.371662
455 0.010089 -0.914015 3.022812 0.989911 0.502167 0.299228
456 0.010089 -0.914015 3.022812 0.989911 0.499014 0.086228
457 0.010089 -0.914015 3.022812 0.989911 0.497676 0.306923
458 0.010089 -0.914015 3.022812 0.989911 0.492108 0.203853
459 0.010089 -0.914015 3.022812 0.989911 0.490903 0.155985
460 0.010089 -0.914015 3.022812 0.989911 0.507089 0.203455
461 0.010089 -0.914015 3.022812 0.989911 0.494119 0.102580
462 0.010089 -0.914015 3.022812 0.989911 0.493561 0.337059
463 0.010089 -0.914015 3.022812 0.989911 0.498438 0.194730
464 0.010089 -0.914015 3.022812 0.989911 0.505639 0.424611
465 0.010089 -0.914015 3.022812 0.989911 0.490510 0.154545
466 0.010089 -0.914015 3.022812 0.989911 0.506538 0.366438
467 0.010089 -0.914015 3.022812 0.989911 0.494831 0.126313
468 0.010089 -0.914015 3.022812 0.989911 0.504761 0.162077
469 0.010089 -0.914015 3.022812 0.989911 0.501892 0.226696
470 0.010089 -0.914015 3.022812 0.989911 0.504494 0.365464
471 0.010089 -0.914015 3.022812 0.989911 0.511747 0.153687
472 0.010089 -0.914015 3.022812 0.989911 0.505012 0.322360
473 0.010089 -0.914015 3.022812 0.989911 0.498669 0.163655
474 0.010089 -0.914015 3.022812 0.989911 0.487050 0.066623
475 0.010089 -0.914015 3.022812 0.989911 0.509272 0.329539
476 0.010089 -0.914015 3.022812 0.989911 0.501909 0.053186
477 0.010089 -0.914015 3.022812 0.989911 0.504673 0.126659
478 0.010089 -0.914015 3.022812 0.989911 0.497972 0.375132
479 0.010089 -0.914015 3.022812 0.989911 0.490093 0.140749
480 0.010089 -0.914015 3.022812 0.989911 0.502024 0.346269
481 0.010089 -0.914015 3.022812 0.989911 0.502936 0.227223
482 0.010089 -0.914015 3.022812 0.989911 0.495364 0.168413
483 0.010089 -0.914015 3.022812 0.989911 0.507233 0.179172
484 0.010089 -0.914015 3.022812 0.989911 0.497175 0.174785
485 0.010089 -0.914015 3.022812 0.989911 0.504643 0.243423
486 0.010089 -0.914015 3.022812 0.989911 0.503914 0.080730
487 0.010089 -0.914015 3.022812 0.989911 0.508447 0.204608
488 0.010089 -0.914015 3.022812 0.989911 0.503258 0.195467
489 0.010089 -0.914015 3.022812 0.989911 0.505373 0.302731
490 0.010089 -0.914015 3.022812 0.989911 0.503410 0.178836
491 0.010089 -0.914015 3.022812 0.989911 0.510075 0.370471
492 0.010089 -0.914015 3.022812 0.989911 0.489577 0.158125
493 0.010089 -0.914015 3.022812 0.989911 0.490291 0.179277
494 0.010089 -0.914015 3.022812 0.989911 0.501326 0.297555
495 0.010089 -0.914015 3.022812 0.989911 0.502441 0.336521
496 0.010089 -0.914015 3.022812 0.989911 0.500595 0.331222
497 0.010089 -0.914015 3.022812 0.989911 0.504817 0.297110
498 0.010089 -0.914015 3.022812 0.989911 0.493636 0.090219
499 0.010089 -0.914015 3.022812 0.989911 0.507051 0.031218
