Lp  F6        x1       x2        Ocena     Średni    Najgorszy
0 0.106396 4.814221 -7.878233 0.893604 0.507900 0.347463
1 0.106396 4.814221 -7.878233 0.893604 0.500385 0.265315
2 0.106396 4.814221 -7.878233 0.893604 0.500856 0.156310
3 0.106396 4.814221 -7.878233 0.893604 0.490739 0.091021
4 0.106396 4.814221 -7.878233 0.893604 0.499353 0.171755
5 0.106396 4.814221 -7.878233 0.893604 0.502786 0.067437
6 0.078299 6.999313 -6.315709 0.921701 0.506314 0.332270
7 0.078299 6.999313 -6.315709 0.921701 0.490210 0.207725
8 0.078299 6.999313 -6.315709 0.921701 0.496874 0.152470
9 0.078299 6.999313 -6.315709 0.921701 0.498985 0.140147
10 0.078299 6.999313 -6.315709 0.921701 0.497438 0.268880
11 0.078299 6.999313 -6.315709 0.921701 0.487545 0.157197
12 0.078299 6.999313 -6.315709 0.921701 0.500658 0.103060
13 0.078299 6.999313 -6.315709 0.921701 0.497202 0.057785
14 0.078299 6.999313 -6.315709 0.921701 0.496008 0.183493
15 0.078299 6.999313 -6.315709 0.921701 0.500364 0.261622
16 0.078299 6.999313 -6.315709 0.921701 0.498674 0.208971
17 0.078299 6.999313 -6.315709 0.921701 0.506538 0.318562
18 0.078299 6.999313 -6.315709 0.921701 0.500660 0.066115
19 0.078299 6.999313 -6.315709 0.921701 0.492946 0.054531
20 0.078299 6.999313 -6.315709 0.921701 0.495662 0.234040
21 0.078299 6.999313 -6.315709 0.921701 0.507189 0.365234
22 0.078299 6.999313 -6.315709 0.921701 0.507567 0.405991
23 0.078299 6.999313 -6.315709 0.921701 0.499073 0.252631
24 0.078299 6.999313 -6.315709 0.921701 0.500289 0.204419
25 0.078299 6.999313 -6.315709 0.921701 0.502224 0.356604
26 0.078299 6.999313 -6.315709 0.921701 0.492587 0.061673
27 0.078299 6.999313 -6.315709 0.921701 0.497453 0.221685
28 0.078299 6.999313 -6.315709 0.921701 0.507303 0.298160
29 0.038013 -1.860075 -6.025788 0.961987 0.510165 0.213204
30 0.038013 -1.860075 -6.025788 0.961987 0.503331 0.262304
31 0.038013 -1.860075 -6.025788 0.961987 0.495857 0.130886
32 0.038013 -1.860075 -6.025788 0.961987 0.496424 0.103596
33 0.038013 -1.860075 -6.025788 0.961987 0.488335 0.207760
34 0.038013 -1.860075 -6.025788 0.961987 0.493850 0.251007
35 0.038013 -1.860075 -6.025788 0.961987 0.502539 0.312452
36 0.038013 -1.860075 -6.025788 0.961987 0.497078 0.192824
37 0.038013 -1.860075 -6.025788 0.961987 0.504121 0.303101
38 0.038013 -1.860075 -6.025788 0.961987 0.504823 0.344213
39 0.038013 -1.860075 -6.025788 0.961987 0.483902 0.110225
40 0.038013 -1.860075 -6.025788 0.961987 0.497872 0.293233
41 0.038013 -1.860075 -6.025788 0.961987 0.505693 0.274980
42 0.038013 -1.860075 -6.025788 0.961987 0.491296 0.087444
43 0.038013 -1.860075 -6.025788 0.961987 0.496656 0.204972
44 0.038013 -1.860075 -6.025788 0.961987 0.499060 0.196532
45 0.038013 -1.860075 -6.025788 0.961987 0.503348 0.154562
46 0.038013 -1.860075 -6.025788 0.961987 0.491707 0.126217
47 0.038013 -1.860075 -6.025788 0.961987 0.497516 0.067075
48 0.038013 -1.860075 -6.025788 0.961987 0.500855 0.222719
49 0.038013 -1.860075 -6.025788 0.961987 0.495852 0.234396
50 0.038013 -1.860075 -6.025788 0.961987 0.501910 0.387308
51 0.038013 -1.860075 -6.025788 0.961987 0.498040 0.219939
52 0.038013 -1.860075 -6.025788 0.961987 0.497311 0.260086
53 0.038013 -1.860075 -6.025788 0.961987 0.494288 0.330968
54 0.038013 -1.860075 -6.025788 0.961987 0.505956 0.414220
55 0.038013 -1.860075 -6.025788 0.961987 0.517528 0.435554
56 0.038013 -1.860075 -6.025788 0.961987 0.500703 0.169503
57 0.038013 -1.860075 -6.025788 0.961987 0.502921 0.081317
58 0.038013 -1.860075 -6.025788 0.961987 0.498569 0.097108
59 0.038013 -1.860075 -6.025788 0.961987 0.497711 0.017288
60 0.038013 -1.860075 -6.025788 0.961987 0.508457 0.305522
61 0.038013 -1.860075 -6.025788 0.961987 0.508040 0.201447
62 0.038013 -1.860075 -6.025788 0.961987 0.511163 0.226772
63 0.038013 -1.860075 -6.025788 0.961987 0.494337 0.255561
64 0.038013 -1.860075 -6.025788 0.961987 0.494123 0.158531
65 0.038013 -1.860075 -6.025788 0.961987 0.504818 0.255625
66 0.038013 -1.860075 -6.025788 0.961987 0.492364 0.078238
67 0.038013 -1.860075 -6.025788 0.961987 0.485334 0.191341
68 0.038013 -1.860075 -6.025788 0.961987 0.506887 0.386648
69 0.038013 -1.860075 -6.025788 0.961987 0.489356 0.153305
70 0.038013 -1.860075 -6.025788 0.961987 0.504979 0.361957
71 0.038013 -1.860075 -6.025788 0.961987 0.510487 0.369684
72 0.038013 -1.860075 -6.025788 0.961987 0.518381 0.387692
73 0.038013 -1.860075 -6.025788 0.961987 0.505288 0.328545
74 0.038013 -1.860075 -6.025788 0.961987 0.489993 0.179298
75 0.038013 -1.860075 -6.025788 0.961987 0.497425 0.121750
76 0.009834 3.074693 0.682078 0.990166 0.504649 0.169064
77 0.009834 3.074693 0.682078 0.990166 0.507064 0.185611
78 0.009834 3.074693 0.682078 0.990166 0.496709 0.089756
79 0.009834 3.074693 0.682078 0.990166 0.503176 0.383369
80 0.009834 3.074693 0.682078 0.990166 0.491143 0.204351
81 0.009834 3.074693 0.682078 0.990166 0.494639 0.104185
82 0.009834 3.074693 0.682078 0.990166 0.489076 0.102480
83 0.009834 3.074693 0.682078 0.990166 0.498987 0.291607
84 0.009834 3.074693 0.682078 0.990166 0.500008 0.296276
85 0.009834 3.074693 0.682078 0.990166 0.494515 0.184533
86 0.009834 3.074693 0.682078 0.990166 0.492039 0.061852
87 0.009834 3.074693 0.682078 0.990166 0.492706 0.104146
88 0.009834 3.074693 0.682078 0.990166 0.501924 0.127522
89 0.009834 3.074693 0.682078 0.990166 0.499034 0.272568
90 0.009834 3.074693 0.682078 0.990166 0.504145 0.101983
91 0.009834 3.074693 0.682078 0.990166 0.505529 0.205989
92 0.009834 3.074693 0.682078 0.990166 0.506597 0.360548
93 0.009834 3.074693 0.682078 0.990166 0.511724 0.330809
94 0.009834 3.074693 0.682078 0.990166 0.504222 0.432540
95 0.009834 3.074693 0.682078 0.990166 0.503104 0.307815
96 0.009834 3.074693 0.682078 0.990166 0.504021 0.208024
97 0.009834 3.074693 0.682078 0.990166 0.502396 0.331143
98 0.009834 3.074693 0.682078 0.990166 0.492619 0.056387
99 0.009834 3.074693 0.682078 0.990166 0.503253 0.157041
100 0.009834 3.074693 0.682078 0.990166 0.505077 0.258728
101 0.009834 3.074693 0.682078 0.990166 0.498855 0.330194
102 0.009834 3.074693 0.682078 0.990166 0.496604 0.227018
103 0.009834 3.074693 0.682078 0.990166 0.491217 0.132880
104 0.009834 3.074693 0.682078 0.990166 0.501962 0.287917
105 0.009834 3.074693 0.682078 0.990166 0.498481 0.153143
106 0.009834 3.074693 0.682078 0.990166 0.498607 0.160461
107 0.009834 3.074693 0.682078 0.990166 0.498370 0.162139
108 0.009834 3.074693 0.682078 0.990166 0.505777 0.354763
109 0.009834 3.074693 0.682078 0.990166 0.502858 0.371778
110 0.009834 3.074693 0.682078 0.990166 0.503282 0.272225
111 0.009834 3.074693 0.682078 0.990166 0.496622 0.405882
112 0.009834 3.074693 0.682078 0.990166 0.495318 0.327029
113 0.009834 3.074693 0.682078 0.990166 0.499529 0.107096
114 0.009834 3.074693 0.682078 0.990166 0.503273 0.066199
115 0.009834 3.074693 0.682078 0.990166 0.509566 0.298097
116 0.009834 3.074693 0.682078 0.990166 0.513027 0.156142
117 0.009834 3.074693 0.682078 0.990166 0.501036 0.093699
118 0.009834 3.074693 0.682078 0.990166 0.494613 0.208293
119 0.009834 3.074693 0.682078 0.990166 0.508011 0.309955
120 0.009834 3.074693 0.682078 0.990166 0.503185 0.283318
121 0.009834 3.074693 0.682078 0.990166 0.503333 0.366862
122 0.009834 3.074693 0.682078 0.990166 0.498605 0.322682
123 0.009834 3.074693 0.682078 0.990166 0.502033 0.329653
124 0.009834 3.074693 0.682078 0.990166 0.494634 0.255965
125 0.009834 3.074693 0.682078 0.990166 0.512267 0.395179
126 0.009834 3.074693 0.682078 0.990166 0.500650 0.261957
127 0.009834 3.074693 0.682078 0.990166 0.503707 0.289022
128 0.009834 3.074693 0.682078 0.990166 0.497363 0.104135
129 0.009834 3.074693 0.682078 0.990166 0.512868 0.321556
130 0.009834 3.074693 0.682078 0.990166 0.496649 0.353081
131 0.009834 3.074693 0.682078 0.990166 0.501212 0.215433
132 0.009834 3.074693 0.682078 0.990166 0.502580 0.180720
133 0.009834 3.074693 0.682078 0.990166 0.493019 0.261335
134 0.009834 3.074693 0.682078 0.990166 0.506017 0.406501
135 0.009834 3.074693 0.682078 0.990166 0.504575 0.203591
136 0.009834 3.074693 0.682078 0.990166 0.504218 0.218373
137 0.009834 3.074693 0.682078 0.990166 0.495054 0.193858
138 0.009834 3.074693 0.682078 0.990166 0.509019 0.303828
139 0.009834 3.074693 0.682078 0.990166 0.497580 0.105350
140 0.009834 3.074693 0.682078 0.990166 0.498340 0.216070
141 0.009834 3.074693 0.682078 0.990166 0.493393 0.250947
142 0.009834 3.074693 0.682078 0.990166 0.505239 0.391778
143 0.009834 3.074693 0.682078 0.990166 0.500046 0.036108
144 0.009834 3.074693 0.682078 0.990166 0.499494 0.245005
145 0.009834 3.074693 0.682078 0.990166 0.504506 0.320925
146 0.009834 3.074693 0.682078 0.990166 0.493507 0.102650
147 0.009834 3.074693 0.682078 0.990166 0.502228 0.243750
148 0.009834 3.074693 0.682078 0.990166 0.516447 0.373306
149 0.009834 3.074693 0.682078 0.990166 0.493052 0.206636
150 0.009834 3.074693 0.682078 0.990166 0.493722 0.110513
151 0.009834 3.074693 0.682078 0.990166 0.508809 0.299607
152 0.009834 3.074693 0.682078 0.990166 0.502647 0.384379
153 0.009834 3.074693 0.682078 0.990166 0.498921 0.325191
154 0.009834 3.074693 0.682078 0.990166 0.510389 0.167709
155 0.009834 3.074693 0.682078 0.990166 0.494678 0.024936
156 0.009834 3.074693 0.682078 0.990166 0.493483 0.159412
157 0.009834 3.074693 0.682078 0.990166 0.499934 0.114523
158 0.009834 3.074693 0.682078 0.990166 0.496225 0.160954
159 0.009834 3.074693 0.682078 0.990166 0.496566 0.115617
160 0.009834 3.074693 0.682078 0.990166 0.498076 0.150473
161 0.009834 3.074693 0.682078 0.990166 0.498177 0.211086
162 0.009834 3.074693 0.682078 0.990166 0.502384 0.262957
163 0.009834 3.074693 0.682078 0.990166 0.495966 0.111742
164 0.009834 3.074693 0.682078 0.990166 0.494641 0.144854
165 0.009834 3.074693 0.682078 0.990166 0.499075 0.161816
166 0.009834 3.074693 0.682078 0.990166 0.499726 0.259281
167 0.009834 3.074693 0.682078 0.990166 0.497592 0.124543
168 0.009834 3.074693 0.682078 0.990166 0.503225 0.295649
169 0.009834 3.074693 0.682078 0.990166 0.505008 0.195986
170 0.009834 3.074693 0.682078 0.990166 0.498470 0.111223
171 0.009834 3.074693 0.682078 0.990166 0.492376 0.027579
172 0.009834 3.074693 0.682078 0.990166 0.499508 0.152678
173 0.009834 3.074693 0.682078 0.990166 0.512312 0.148421
174 0.009834 3.074693 0.682078 0.990166 0.481232 0.185592
175 0.009834 3.074693 0.682078 0.990166 0.486124 0.159547
176 0.009834 3.074693 0.682078 0.990166 0.497817 0.337053
177 0.009834 3.074693 0.682078 0.990166 0.502505 0.193837
178 0.009834 3.074693 0.682078 0.990166 0.494066 0.262058
179 0.009834 3.074693 0.682078 0.990166 0.500439 0.207055
180 0.009834 3.074693 0.682078 0.990166 0.490451 0.054676
181 0.009834 3.074693 0.682078 0.990166 0.509352 0.160983
182 0.009834 3.074693 0.682078 0.990166 0.493787 0.108162
183 0.009834 3.074693 0.682078 0.990166 0.491786 0.062377
184 0.009834 3.074693 0.682078 0.990166 0.506971 0.203378
185 0.009834 3.074693 0.682078 0.990166 0.506998 0.332229
186 0.009834 3.074693 0.682078 0.990166 0.497111 0.205769
187 0.009834 3.074693 0.682078 0.990166 0.495023 0.251101
188 0.009834 3.074693 0.682078 0.990166 0.499006 0.101985
189 0.009834 3.074693 0.682078 0.990166 0.508087 0.287825
190 0.009834 3.074693 0.682078 0.990166 0.496127 0.080598
191 0.009834 3.074693 0.682078 0.990166 0.500445 0.261564
192 0.009834 3.074693 0.682078 0.990166 0.495930 0.259100
193 0.009834 3.074693 0.682078 0.990166 0.505450 0.391328
194 0.009834 3.074693 0.682078 0.990166 0.513282 0.208016
195 0.009834 3.074693 0.682078 0.990166 0.500072 0.178328
196 0.009834 3.074693 0.682078 0.990166 0.502285 0.192372
197 0.009834 3.074693 0.682078 0.990166 0.504893 0.297545
198 0.009834 3.074693 0.682078 0.990166 0.496295 0.273777
199 0.009834 3.074693 0.682078 0.990166 0.504633 0.205865
200 0.009834 3.074693 0.682078 0.990166 0.500215 0.285649
201 0.009834 3.074693 0.682078 0.990166 0.489644 0.094071
202 0.009834 3.074693 0.682078 0.990166 0.492777 0.142284
203 0.009834 3.074693 0.682078 0.990166 0.504896 0.293185
204 0.009834 3.074693 0.682078 0.990166 0.491567 0.157908
205 0.009834 3.074693 0.682078 0.990166 0.503386 0.274082
206 0.009834 3.074693 0.682078 0.990166 0.505505 0.240628
207 0.009834 3.074693 0.682078 0.990166 0.493592 0.159411
208 0.009834 3.074693 0.682078 0.990166 0.489848 0.152690
209 0.009834 3.074693 0.682078 0.990166 0.497626 0.264408
210 0.009834 3.074693 0.682078 0.990166 0.500300 0.196172
211 0.009834 3.074693 0.682078 0.990166 0.492499 0.031177
212 0.009834 3.074693 0.682078 0.990166 0.500869 0.170794
213 0.009834 3.074693 0.682078 0.990166 0.495655 0.036930
214 0.009834 3.074693 0.682078 0.990166 0.495732 0.104038
215 0.009834 3.074693 0.682078 0.990166 0.498724 0.246400
216 0.009834 3.074693 0.682078 0.990166 0.495744 0.039028
217 0.009834 3.074693 0.682078 0.990166 0.496008 0.160240
218 0.009834 3.074693 0.682078 0.990166 0.491922 0.153724
219 0.009834 3.074693 0.682078 0.990166 0.501894 0.171105
220 0.009834 3.074693 0.682078 0.990166 0.497628 0.033115
221 0.009834 3.074693 0.682078 0.990166 0.499615 0.124415
222 0.009834 3.074693 0.682078 0.990166 0.504670 0.265024
223 0.009834 3.074693 0.682078 0.990166 0.492095 0.214276
224 0.009834 3.074693 0.682078 0.990166 0.491181 0.058199
225 0.009834 3.074693 0.682078 0.990166 0.494065 0.185090
226 0.009834 3.074693 0.682078 0.990166 0.515260 0.093335
227 0.009834 3.074693 0.682078 0.990166 0.507540 0.103058
228 0.009834 3.074693 0.682078 0.990166 0.490113 0.127007
229 0.009834 3.074693 0.682078 0.990166 0.497062 0.143566
230 0.009834 3.074693 0.682078 0.990166 0.501485 0.024749
231 0.009834 3.074693 0.682078 0.990166 0.507261 0.227867
232 0.009834 3.074693 0.682078 0.990166 0.498626 0.117058
233 0.009834 3.074693 0.682078 0.990166 0.498666 0.102098
234 0.009834 3.074693 0.682078 0.990166 0.505863 0.195776
235 0.009834 3.074693 0.682078 0.990166 0.493896 0.119575
236 0.009834 3.074693 0.682078 0.990166 0.498569 0.057883
237 0.009834 3.074693 0.682078 0.990166 0.494790 0.307455
238 0.009834 3.074693 0.682078 0.990166 0.491521 0.099319
239 0.009834 3.074693 0.682078 0.990166 0.500040 0.102232
240 0.009834 3.074693 0.682078 0.990166 0.498408 0.294629
241 0.009834 3.074693 0.682078 0.990166 0.506333 0.251935
242 0.009834 3.074693 0.682078 0.990166 0.493666 0.077393
243 0.009834 3.074693 0.682078 0.990166 0.501613 0.272044
244 0.009834 3.074693 0.682078 0.990166 0.507778 0.204828
245 0.009834 3.074693 0.682078 0.990166 0.504094 0.203516
246 0.009834 3.074693 0.682078 0.990166 0.502546 0.334937
247 0.009834 3.074693 0.682078 0.990166 0.501325 0.204480
248 0.009834 3.074693 0.682078 0.990166 0.504403 0.111248
249 0.009834 3.074693 0.682078 0.990166 0.507759 0.359173
250 0.009834 3.074693 0.682078 0.990166 0.500596 0.088123
251 0.009834 3.074693 0.682078 0.990166 0.488044 0.219541
252 0.009808 -3.068589 0.703441 0.990192 0.504349 0.220693
253 0.009808 -3.068589 0.703441 0.990192 0.493735 0.123935
254 0.009808 -3.068589 0.703441 0.990192 0.500650 0.358835
255 0.009808 -3.068589 0.703441 0.990192 0.493592 0.209998
256 0.009808 -3.068589 0.703441 0.990192 0.513821 0.253246
257 0.009808 -3.068589 0.703441 0.990192 0.514244 0.360154
258 0.009808 -3.068589 0.703441 0.990192 0.501455 0.275675
259 0.009808 -3.068589 0.703441 0.990192 0.504100 0.294203
260 0.009808 -3.068589 0.703441 0.990192 0.498662 0.156812
261 0.009808 -3.068589 0.703441 0.990192 0.501921 0.393623
262 0.009808 -3.068589 0.703441 0.990192 0.490976 0.250981
263 0.009808 -3.068589 0.703441 0.990192 0.496779 0.190714
264 0.009808 -3.068589 0.703441 0.990192 0.508151 0.310690
265 0.009808 -3.068589 0.703441 0.990192 0.501414 0.329542
266 0.009808 -3.068589 0.703441 0.990192 0.495201 0.207393
267 0.009808 -3.068589 0.703441 0.990192 0.492682 0.028330
268 0.009808 -3.068589 0.703441 0.990192 0.495519 0.152857
269 0.009808 -3.068589 0.703441 0.990192 0.509816 0.356352
270 0.009808 -3.068589 0.703441 0.990192 0.489052 0.088082
271 0.009808 -3.068589 0.703441 0.990192 0.509131 0.388544
272 0.009808 -3.068589 0.703441 0.990192 0.498394 0.361913
273 0.009808 -3.068589 0.703441 0.990192 0.509636 0.227923
274 0.009808 -3.068589 0.703441 0.990192 0.504259 0.213364
275 0.009808 -3.068589 0.703441 0.990192 0.499171 0.103047
276 0.009808 -3.068589 0.703441 0.990192 0.505623 0.105072
277 0.009808 -3.068589 0.703441 0.990192 0.500409 0.259777
278 0.009808 -3.068589 0.703441 0.990192 0.490393 0.005400
279 0.009808 -3.068589 0.703441 0.990192 0.493675 0.158080
280 0.009808 -3.068589 0.703441 0.990192 0.496620 0.262269
281 0.009808 -3.068589 0.703441 0.990192 0.504233 0.247772
282 0.009808 -3.068589 0.703441 0.990192 0.507300 0.251874
283 0.009808 -3.068589 0.703441 0.990192 0.494415 0.182882
284 0.009808 -3.068589 0.703441 0.990192 0.489771 0.064175
285 0.009808 -3.068589 0.703441 0.990192 0.502728 0.203380
286 0.009808 -3.068589 0.703441 0.990192 0.499076 0.345308
287 0.009808 -3.068589 0.703441 0.990192 0.509057 0.153151
288 0.009808 -3.068589 0.703441 0.990192 0.494174 0.205073
289 0.009808 -3.068589 0.703441 0.990192 0.501825 0.219543
290 0.009808 -3.068589 0.703441 0.990192 0.503062 0.099006
291 0.009808 -3.068589 0.703441 0.990192 0.494524 0.276704
292 0.009808 -3.068589 0.703441 0.990192 0.500878 0.329770
293 0.009808 -3.068589 0.703441 0.990192 0.502364 0.283725
294 0.009808 -3.068589 0.703441 0.990192 0.503494 0.344337
295 0.009808 -3.068589 0.703441 0.990192 0.497199 0.300360
296 0.009808 -3.068589 0.703441 0.990192 0.507819 0.067732
297 0.009808 -3.068589 0.703441 0.990192 0.492428 0.168174
298 0.009808 -3.068589 0.703441 0.990192 0.507137 0.411486
299 0.009808 -3.068589 0.703441 0.990192 0.493013 0.215752
300 0.009808 -3.068589 0.703441 0.990192 0.508549 0.338860
301 0.009808 -3.068589 0.703441 0.990192 0.491031 0.037416
302 0.009808 -3.068589 0.703441 0.990192 0.510832 0.216481
303 0.009808 -3.068589 0.703441 0.990192 0.514643 0.344486
304 0.009808 -3.068589 0.703441 0.990192 0.497107 0.190385
305 0.009808 -3.068589 0.703441 0.990192 0.506979 0.305062
306 0.009808 -3.068589 0.703441 0.990192 0.491620 0.091458
307 0.009808 -3.068589 0.703441 0.990192 0.501368 0.340564
308 0.009808 -3.068589 0.703441 0.990192 0.495568 0.153215
309 0.009808 -3.068589 0.703441 0.990192 0.495949 0.102028
310 0.009808 -3.068589 0.703441 0.990192 0.502927 0.117475
311 0.009808 -3.068589 0.703441 0.990192 0.507086 0.126007
312 0.009808 -3.068589 0.703441 0.990192 0.503463 0.135667
313 0.009808 -3.068589 0.703441 0.990192 0.496284 0.164838
314 0.009808 -3.068589 0.703441 0.990192 0.497233 0.308261
315 0.009808 -3.068589 0.703441 0.990192 0.499376 0.064917
316 0.009808 -3.068589 0.703441 0.990192 0.494224 0.176861
317 0.009808 -3.068589 0.703441 0.990192 0.510854 0.357463
318 0.009808 -3.068589 0.703441 0.990192 0.502571 0.233447
319 0.009808 -3.068589 0.703441 0.990192 0.483282 0.057794
320 0.009808 -3.068589 0.703441 0.990192 0.501189 0.344948
321 0.009808 -3.068589 0.703441 0.990192 0.501194 0.243369
322 0.009808 -3.068589 0.703441 0.990192 0.493387 0.225374
323 0.009808 -3.068589 0.703441 0.990192 0.500217 0.226122
324 0.009808 -3.068589 0.703441 0.990192 0.502000 0.272213
325 0.009808 -3.068589 0.703441 0.990192 0.503597 0.222858
326 0.009808 -3.068589 0.703441 0.990192 0.499889 0.142517
327 0.009808 -3.068589 0.703441 0.990192 0.493498 0.155197
328 0.009808 -3.068589 0.703441 0.990192 0.507065 0.291225
329 0.009808 -3.068589 0.703441 0.990192 0.500679 0.294415
330 0.009808 -3.068589 0.703441 0.990192 0.493757 0.156399
331 0.009808 -3.068589 0.703441 0.990192 0.507044 0.139072
332 0.009808 -3.068589 0.703441 0.990192 0.508056 0.406958
333 0.009808 -3.068589 0.703441 0.990192 0.488013 0.241352
334 0.009808 -3.068589 0.703441 0.990192 0.510441 0.108891
335 0.009808 -3.068589 0.703441 0.990192 0.502352 0.203381
336 0.009808 -3.068589 0.703441 0.990192 0.499747 0.142081
337 0.009808 -3.068589 0.703441 0.990192 0.494540 0.278182
338 0.009808 -3.068589 0.703441 0.990192 0.501752 0.144299
339 0.009808 -3.068589 0.703441 0.990192 0.490097 0.301997
340 0.009808 -3.068589 0.703441 0.990192 0.506758 0.407717
341 0.009808 -3.068589 0.703441 0.990192 0.491603 0.221357
342 0.009808 -3.068589 0.703441 0.990192 0.495093 0.264469
343 0.009808 -3.068589 0.703441 0.990192 0.511441 0.302960
344 0.009808 -3.068589 0.703441 0.990192 0.499047 0.208846
345 0.009808 -3.068589 0.703441 0.990192 0.501541 0.307170
346 0.009808 -3.068589 0.703441 0.990192 0.494962 0.175694
347 0.009808 -3.068589 0.703441 0.990192 0.504223 0.278202
348 0.009808 -3.068589 0.703441 0.990192 0.493410 0.282357
349 0.009808 -3.068589 0.703441 0.990192 0.495418 0.181375
350 0.009808 -3.068589 0.703441 0.990192 0.503084 0.206143
351 0.009808 -3.068589 0.703441 0.990192 0.497115 0.256737
352 0.009808 -3.068589 0.703441 0.990192 0.504748 0.385313
353 0.009808 -3.068589 0.703441 0.990192 0.501530 0.129168
354 0.009808 -3.068589 0.703441 0.990192 0.510915 0.403600
355 0.009808 -3.068589 0.703441 0.990192 0.499738 0.154720
356 0.009808 -3.068589 0.703441 0.990192 0.505562 0.329731
357 0.009808 -3.068589 0.703441 0.990192 0.492644 0.114726
358 0.009808 -3.068589 0.703441 0.990192 0.507923 0.180353
359 0.009808 -3.068589 0.703441 0.990192 0.511707 0.204326
360 0.009808 -3.068589 0.703441 0.990192 0.503383 0.134548
361 0.009808 -3.068589 0.703441 0.990192 0.508164 0.261838
362 0.009808 -3.068589 0.703441 0.990192 0.509743 0.198141
363 0.009808 -3.068589 0.703441 0.990192 0.498765 0.207861
364 0.009808 -3.068589 0.703441 0.990192 0.501658 0.370005
365 0.009808 -3.068589 0.703441 0.990192 0.479780 0.133866
366 0.009808 -3.068589 0.703441 0.990192 0.499553 0.279888
367 0.009808 -3.068589 0.703441 0.990192 0.500498 0.156797
368 0.009808 -3.068589 0.703441 0.990192 0.503429 0.205236
369 0.009808 -3.068589 0.703441 0.990192 0.489962 0.039256
370 0.009808 -3.068589 0.703441 0.990192 0.496370 0.262947
371 0.009808 -3.068589 0.703441 0.990192 0.496178 0.333425
372 0.009808 -3.068589 0.703441 0.990192 0.501882 0.344532
373 0.009808 -3.068589 0.703441 0.990192 0.501180 0.245789
374 0.009808 -3.068589 0.703441 0.990192 0.498823 0.251159
375 0.009808 -3.068589 0.703441 0.990192 0.493011 0.086527
376 0.009808 -3.068589 0.703441 0.990192 0.510732 0.260680
377 0.009808 -3.068589 0.703441 0.990192 0.497653 0.257797
378 0.009808 -3.068589 0.703441 0.990192 0.490063 0.168841
379 0.009808 -3.068589 0.703441 0.990192 0.501849 0.311014
380 0.009808 -3.068589 0.703441 0.990192 0.506664 0.293250
381 0.009808 -3.068589 0.703441 0.990192 0.499199 0.152810
382 0.009808 -3.068589 0.703441 0.990192 0.506697 0.203630
383 0.009808 -3.068589 0.703441 0.990192 0.496510 0.250876
384 0.009808 -3.068589 0.703441 0.990192 0.500301 0.301375
385 0.009808 -3.068589 0.703441 0.990192 0.491320 0.060215
386 0.009808 -3.068589 0.703441 0.990192 0.504899 0.160863
387 0.009808 -3.068589 0.703441 0.990192 0.506442 0.152886
388 0.009808 -3.068589 0.703441 0.990192 0.489074 0.003149
389 0.009808 -3.068589 0.703441 0.990192 0.497945 0.056461
390 0.009808 -3.068589 0.703441 0.990192 0.506214 0.102602
391 0.009808 -3.068589 0.703441 0.990192 0.493344 0.067478
392 0.009808 -3.068589 0.703441 0.990192 0.505591 0.246087
393 0.009808 -3.068589 0.703441 0.990192 0.500759 0.259564
394 0.009808 -3.068589 0.703441 0.990192 0.502017 0.360075
395 0.009808 -3.068589 0.703441 0.990192 0.515755 0.388249
396 0.009808 -3.068589 0.703441 0.990192 0.497732 0.104519
397 0.009808 -3.068589 0.703441 0.990192 0.501524 0.297700
398 0.009808 -3.068589 0.703441 0.990192 0.504943 0.406160
399 0.009808 -3.068589 0.703441 0.990192 0.501993 0.209787
400 0.009808 -3.068589 0.703441 0.990192 0.502689 0.226380
401 0.009808 -3.068589 0.703441 0.990192 0.505566 0.255618
402 0.009808 -3.068589 0.703441 0.990192 0.493195 0.198418
403 0.009808 -3.068589 0.703441 0.990192 0.490555 0.171016
404 0.009808 -3.068589 0.703441 0.990192 0.497416 0.112373
405 0.009808 -3.068589 0.703441 0.990192 0.505697 0.239594
406 0.009808 -3.068589 0.703441 0.990192 0.490981 0.164783
407 0.009808 -3.068589 0.703441 0.990192 0.498754 0.021633
408 0.009808 -3.068589 0.703441 0.990192 0.503014 0.116156
409 0.009808 -3.068589 0.703441 0.990192 0.500134 0.348478
410 0.009808 -3.068589 0.703441 0.990192 0.501210 0.111231
411 0.009808 -3.068589 0.703441 0.990192 0.521484 0.452028
412 0.009808 -3.068589 0.703441 0.990192 0.485764 0.129628
413 0.009808 -3.068589 0.703441 0.990192 0.493898 0.185137
414 0.009808 -3.068589 0.703441 0.990192 0.511560 0.409767
415 0.009808 -3.068589 0.703441 0.990192 0.503360 0.293171
416 0.009808 -3.068589 0.703441 0.990192 0.503838 0.102131
417 0.009808 -3.068589 0.703441 0.990192 0.488943 0.196658
418 0.009808 -3.068589 0.703441 0.990192 0.500385 0.194699
419 0.009808 -3.068589 0.703441 0.990192 0.498664 0.168547
420 0.009808 -3.068589 0.703441 0.990192 0.499978 0.244644
421 0.009808 -3.068589 0.703441 0.990192 0.504659 0.330122
422 0.009808 -3.068589 0.703441 0.990192 0.503587 0.335461
423 0.009808 -3.068589 0.703441 0.990192 0.499481 0.293489
424 0.009808 -3.068589 0.703441 0.990192 0.499056 0.260465
425 0.009808 -3.068589 0.703441 0.990192 0.504989 0.376464
426 0.009808 -3.068589 0.703441 0.990192 0.489984 0.122198
427 0.009808 -3.068589 0.703441 0.990192 0.494802 0.369848
428 0.009808 -3.068589 0.703441 0.990192 0.501018 0.253217
429 0.009808 -3.068589 0.703441 0.990192 0.498864 0.234701
430 0.009808 -3.068589 0.703441 0.990192 0.493017 0.043507
431 0.009808 -3.068589 0.703441 0.990192 0.497462 0.114995
432 0.009808 -3.068589 0.703441 0.990192 0.500369 0.078903
433 0.009808 -3.068589 0.703441 0.990192 0.491134 0.170755
434 0.009808 -3.068589 0.703441 0.990192 0.494015 0.021535
435 0.009808 -3.068589 0.703441 0.990192 0.493491 0.237035
436 0.009808 -3.068589 0.703441 0.990192 0.496215 0.239175
437 0.009808 -3.068589 0.703441 0.990192 0.508484 0.307094
438 0.009808 -3.068589 0.703441 0.990192 0.502925 0.091638
439 0.009808 -3.068589 0.703441 0.990192 0.504596 0.268868
440 0.009808 -3.068589 0.703441 0.990192 0.510601 0.342696
441 0.009808 -3.068589 0.703441 0.990192 0.504777 0.063859
442 0.009808 -3.068589 0.703441 0.990192 0.508278 0.075779
443 0.009808 -3.068589 0.703441 0.990192 0.500523 0.110853
444 0.009808 -3.068589 0.703441 0.990192 0.491988 0.257987
445 0.009808 -3.068589 0.703441 0.990192 0.501056 0.293797
446 0.009808 -3.068589 0.703441 0.990192 0.495148 0.024257
447 0.009808 -3.068589 0.703441 0.990192 0.487889 0.195649
448 0.009808 -3.068589 0.703441 0.990192 0.494648 0.199412
449 0.009808 -3.068589 0.703441 0.990192 0.504366 0.251052
450 0.009808 -3.068589 0.703441 0.990192 0.484262 0.065795
451 0.009808 -3.068589 0.703441 0.990192 0.496912 0.210992
452 0.009808 -3.068589 0.703441 0.990192 0.499060 0.281507
453 0.009808 -3.068589 0.703441 0.990192 0.495065 0.154782
454 0.009808 -3.068589 0.703441 0.990192 0.496099 0.102754
455 0.009808 -3.068589 0.703441 0.990192 0.494676 0.117243
456 0.009808 -3.068589 0.703441 0.990192 0.505082 0.159620
457 0.009808 -3.068589 0.703441 0.990192 0.496997 0.102844
458 0.009808 -3.068589 0.703441 0.990192 0.497731 0.194354
459 0.009808 -3.068589 0.703441 0.990192 0.495461 0.210870
460 0.009808 -3.068589 0.703441 0.990192 0.507657 0.410017
461 0.009808 -3.068589 0.703441 0.990192 0.490473 0.215117
462 0.009808 -3.068589 0.703441 0.990192 0.502708 0.304660
463 0.009808 -3.068589 0.703441 0.990192 0.493153 0.163105
464 0.009808 -3.068589 0.703441 0.990192 0.487009 0.160610
465 0.009808 -3.068589 0.703441 0.990192 0.500449 0.124659
466 0.009808 -3.068589 0.703441 0.990192 0.505268 0.247975
467 0.009808 -3.068589 0.703441 0.990192 0.512637 0.378921
468 0.009808 -3.068589 0.703441 0.990192 0.493901 0.273709
469 0.009808 -3.068589 0.703441 0.990192 0.510960 0.383081
470 0.009808 -3.068589 0.703441 0.990192 0.494846 0.117656
471 0.009808 -3.068589 0.703441 0.990192 0.499044 0.154344
472 0.009808 -3.068589 0.703441 0.990192 0.492841 0.021500
473 0.009808 -3.068589 0.703441 0.990192 0.495893 0.218148
474 0.009808 -3.068589 0.703441 0.990192 0.512453 0.294624
475 0.009808 -3.068589 0.703441 0.990192 0.510227 0.333942
476 0.009808 -3.068589 0.703441 0.990192 0.507729 0.153994
477 0.009808 -3.068589 0.703441 0.990192 0.509801 0.383151
478 0.009808 -3.068589 0.703441 0.990192 0.506331 0.428707
479 0.009808 -3.068589 0.703441 0.990192 0.503114 0.206780
480 0.009808 -3.068589 0.703441 0.990192 0.496475 0.254436
481 0.009808 -3.068589 0.703441 0.990192 0.509459 0.361437
482 0.009808 -3.068589 0.703441 0.990192 0.491336 0.059376
483 0.009808 -3.068589 0.703441 0.990192 0.514734 0.242981
484 0.009808 -3.068589 0.703441 0.990192 0.508448 0.359601
485 0.009808 -3.068589 0.703441 0.990192 0.494385 0.210581
486 0.009808 -3.068589 0.703441 0.990192 0.495424 0.196948
487 0.009808 -3.068589 0.703441 0.990192 0.500935 0.102649
488 0.009808 -3.068589 0.703441 0.990192 0.504197 0.252424
489 0.009808 -3.068589 0.703441 0.990192 0.498469 0.211481
490 0.009808 -3.068589 0.703441 0.990192 0.498405 0.230440
491 0.009808 -3.068589 0.703441 0.990192 0.496016 0.154870
492 0.009808 -3.068589 0.703441 0.990192 0.511547 0.270612
493 0.009808 -3.068589 0.703441 0.990192 0.495382 0.231881
494 0.009808 -3.068589 0.703441 0.990192 0.506050 0.153137
495 0.009808 -3.068589 0.703441 0.990192 0.505159 0.293171
496 0.009808 -3.068589 0.703441 0.990192 0.494236 0.205114
497 0.009808 -3.068589 0.703441 0.990192 0.489369 0.057700
498 0.009808 -3.068589 0.703441 0.990192 0.487496 0.084171
499 0.009808 -3.068589 0.703441 0.990192 0.491120 0.095535
