Lp  F6        x1       x2        Ocena     Średni    Najgorszy
0 0.132251 -10.826276 -6.523232 0.867749 0.506225 0.259358
1 0.132251 -10.826276 -6.523232 0.867749 0.495498 0.199732
2 0.132251 -10.826276 -6.523232 0.867749 0.505619 0.294587
3 0.132251 -10.826276 -6.523232 0.867749 0.497353 0.248745
4 0.081047 -8.509957 -3.892576 0.918953 0.491444 0.181815
5 0.078516 -8.412299 -4.274052 0.921484 0.502920 0.117278
6 0.078516 -8.412299 -4.274052 0.921484 0.500827 0.310559
7 0.078516 -8.412299 -4.274052 0.921484 0.501432 0.106640
8 0.078516 -8.412299 -4.274052 0.921484 0.494598 0.211415
9 0.078516 -8.412299 -4.274052 0.921484 0.498041 0.154866
10 0.078516 -8.412299 -4.274052 0.921484 0.492015 0.021582
11 0.078516 -8.412299 -4.274052 0.921484 0.495442 0.157469
12 0.078516 -8.412299 -4.274052 0.921484 0.503595 0.022311
13 0.078516 -8.412299 -4.274052 0.921484 0.500619 0.162547
14 0.010187 -0.117494 -3.114366 0.989813 0.488104 0.108922
15 0.010187 -0.117494 -3.114366 0.989813 0.503397 0.297433
16 0.010187 -0.117494 -3.114366 0.989813 0.492335 0.070535
17 0.010187 -0.117494 -3.114366 0.989813 0.496821 0.163832
18 0.010187 -0.117494 -3.114366 0.989813 0.496652 0.182922
19 0.010187 -0.117494 -3.114366 0.989813 0.497413 0.232434
20 0.010187 -0.117494 -3.114366 0.989813 0.495465 0.260289
21 0.010187 -0.117494 -3.114366 0.989813 0.493540 0.168525
22 0.010187 -0.117494 -3.114366 0.989813 0.500234 0.238381
23 0.010187 -0.117494 -3.114366 0.989813 0.495768 0.293560
24 0.010187 -0.117494 -3.114366 0.989813 0.500235 0.061055
25 0.010187 -0.117494 -3.114366 0.989813 0.503099 0.228636
26 0.010187 -0.117494 -3.114366 0.989813 0.499440 0.039646
27 0.010187 -0.117494 -3.114366 0.989813 0.511794 0.210030
28 0.010187 -0.117494 -3.114366 0.989813 0.504463 0.388295
29 0.010187 -0.117494 -3.114366 0.989813 0.508278 0.293979
30 0.010187 -0.117494 -3.114366 0.989813 0.492336 0.122589
31 0.010187 -0.117494 -3.114366 0.989813 0.504750 0.310469
32 0.010187 -0.117494 -3.114366 0.989813 0.492465 0.059500
33 0.010187 -0.117494 -3.114366 0.989813 0.485031 0.021911
34 0.010187 -0.117494 -3.114366 0.989813 0.504204 0.251656
35 0.010187 -0.117494 -3.114366 0.989813 0.508770 0.280599
36 0.010187 -0.117494 -3.114366 0.989813 0.500082 0.295624
37 0.010187 -0.117494 -3.114366 0.989813 0.495299 0.096226
38 0.010187 -0.117494 -3.114366 0.989813 0.499619 0.122700
39 0.010187 -0.117494 -3.114366 0.989813 0.499359 0.120606
40 0.010187 -0.117494 -3.114366 0.989813 0.499900 0.311387
41 0.010187 -0.117494 -3.114366 0.989813 0.502921 0.105453
42 0.010187 -0.117494 -3.114366 0.989813 0.488378 0.162793
43 0.010187 -0.117494 -3.114366 0.989813 0.498402 0.217992
44 0.010187 -0.117494 -3.114366 0.989813 0.504305 0.197861
45 0.010187 -0.117494 -3.114366 0.989813 0.499157 0.252625
46 0.010187 -0.117494 -3.114366 0.989813 0.510873 0.429117
47 0.010187 -0.117494 -3.114366 0.989813 0.495873 0.129569
48 0.010187 -0.117494 -3.114366 0.989813 0.494049 0.182689
49 0.010187 -0.117494 -3.114366 0.989813 0.501210 0.330316
50 0.010187 -0.117494 -3.114366 0.989813 0.500628 0.258923
51 0.010187 -0.117494 -3.114366 0.989813 0.502478 0.136269
52 0.010187 -0.117494 -3.114366 0.989813 0.503611 0.161770
53 0.010187 -0.117494 -3.114366 0.989813 0.503989 0.144323
54 0.010187 -0.117494 -3.114366 0.989813 0.497961 0.158503
55 0.010187 -0.117494 -3.114366 0.989813 0.499892 0.135768
56 0.010187 -0.117494 -3.114366 0.989813 0.503797 0.106623
57 0.010187 -0.117494 -3.114366 0.989813 0.508771 0.340330
58 0.010187 -0.117494 -3.114366 0.989813 0.495694 0.237989
59 0.010187 -0.117494 -3.114366 0.989813 0.492604 0.136664
60 0.010187 -0.117494 -3.114366 0.989813 0.502045 0.157012
61 0.010187 -0.117494 -3.114366 0.989813 0.500216 0.138849
62 0.010187 -0.117494 -3.114366 0.989813 0.501874 0.123336
63 0.010187 -0.117494 -3.114366 0.989813 0.498281 0.154072
64 0.010187 -0.117494 -3.114366 0.989813 0.499247 0.153683
65 0.010187 -0.117494 -3.114366 0.989813 0.491180 0.067961
66 0.010187 -0.117494 -3.114366 0.989813 0.497350 0.154684
67 0.010187 -0.117494 -3.114366 0.989813 0.495806 0.104497
68 0.010187 -0.117494 -3.114366 0.989813 0.488536 0.185294
69 0.010187 -0.117494 -3.114366 0.989813 0.493140 0.272768
70 0.010187 -0.117494 -3.114366 0.989813 0.495089 0.009200
71 0.010187 -0.117494 -3.114366 0.989813 0.503957 0.310572
72 0.010187 -0.117494 -3.114366 0.989813 0.490080 0.058408
73 0.010187 -0.117494 -3.114366 0.989813 0.506247 0.222846
74 0.010187 -0.117494 -3.114366 0.989813 0.502785 0.110529
75 0.010187 -0.117494 -3.114366 0.989813 0.502431 0.361525
76 0.010187 -0.117494 -3.114366 0.989813 0.497264 0.282721
77 0.010187 -0.117494 -3.114366 0.989813 0.498604 0.145254
78 0.010187 -0.117494 -3.114366 0.989813 0.500692 0.100983
79 0.010187 -0.117494 -3.114366 0.989813 0.491178 0.059248
80 0.010187 -0.117494 -3.114366 0.989813 0.502039 0.172579
81 0.010187 -0.117494 -3.114366 0.989813 0.496729 0.368454
82 0.010187 -0.117494 -3.114366 0.989813 0.494191 0.106398
83 0.010187 -0.117494 -3.114366 0.989813 0.498836 0.152790
84 0.010187 -0.117494 -3.114366 0.989813 0.497656 0.351430
85 0.010187 -0.117494 -3.114366 0.989813 0.499099 0.112536
86 0.010187 -0.117494 -3.114366 0.989813 0.507927 0.385400
87 0.010187 -0.117494 -3.114366 0.989813 0.502501 0.204021
88 0.010187 -0.117494 -3.114366 0.989813 0.489703 0.203722
89 0.010187 -0.117494 -3.114366 0.989813 0.505999 0.333568
90 0.010187 -0.117494 -3.114366 0.989813 0.506456 0.397820
91 0.010187 -0.117494 -3.114366 0.989813 0.495719 0.264388
92 0.010187 -0.117494 -3.114366 0.989813 0.501393 0.304175
93 0.010187 -0.117494 -3.114366 0.989813 0.491954 0.058724
94 0.010187 -0.117494 -3.114366 0.989813 0.494766 0.175669
95 0.010187 -0.117494 -3.114366 0.989813 0.492714 0.197190
96 0.010187 -0.117494 -3.114366 0.989813 0.504687 0.203724
97 0.010187 -0.117494 -3.114366 0.989813 0.489708 0.204268
98 0.010187 -0.117494 -3.114366 0.989813 0.499255 0.061653
99 0.010187 -0.117494 -3.114366 0.989813 0.497540 0.065592
100 0.010187 -0.117494 -3.114366 0.989813 0.503062 0.200150
101 0.010187 -0.117494 -3.114366 0.989813 0.485306 0.125680
102 0.010187 -0.117494 -3.114366 0.989813 0.493708 0.168122
103 0.010187 -0.117494 -3.114366 0.989813 0.498799 0.251504
104 0.010187 -0.117494 -3.114366 0.989813 0.501490 0.315613
105 0.010187 -0.117494 -3.114366 0.989813 0.511167 0.410480
106 0.010187 -0.117494 -3.114366 0.989813 0.502315 0.184705
107 0.010187 -0.117494 -3.114366 0.989813 0.498648 0.081276
108 0.010187 -0.117494 -3.114366 0.989813 0.489339 0.120125
109 0.010187 -0.117494 -3.114366 0.989813 0.493429 0.167550
110 0.010187 -0.117494 -3.114366 0.989813 0.499382 0.206691
111 0.010187 -0.117494 -3.114366 0.989813 0.505323 0.264301
112 0.010187 -0.117494 -3.114366 0.989813 0.497897 0.206722
113 0.010187 -0.117494 -3.114366 0.989813 0.499562 0.122204
114 0.010187 -0.117494 -3.114366 0.989813 0.488508 0.062586
115 0.010187 -0.117494 -3.114366 0.989813 0.501953 0.207668
116 0.010187 -0.117494 -3.114366 0.989813 0.493642 0.159811
117 0.010187 -0.117494 -3.114366 0.989813 0.509767 0.224956
118 0.010187 -0.117494 -3.114366 0.989813 0.491506 0.191615
119 0.010187 -0.117494 -3.114366 0.989813 0.490508 0.076051
120 0.010187 -0.117494 -3.114366 0.989813 0.485708 0.206912
121 0.010187 -0.117494 -3.114366 0.989813 0.503996 0.245817
122 0.010187 -0.117494 -3.114366 0.989813 0.490306 0.165541
123 0.010187 -0.117494 -3.114366 0.989813 0.507082 0.167944
124 0.010187 -0.117494 -3.114366 0.989813 0.497552 0.110279
125 0.010187 -0.117494 -3.114366 0.989813 0.501921 0.383441
126 0.010187 -0.117494 -3.114366 0.989813 0.503729 0.317380
127 0.010187 -0.117494 -3.114366 0.989813 0.501458 0.263351
128 0.010187 -0.117494 -3.114366 0.989813 0.511217 0.293861
129 0.010187 -0.117494 -3.114366 0.989813 0.488270 0.144428
130 0.010187 -0.117494 -3.114366 0.989813 0.499574 0.045302
131 0.010187 -0.117494 -3.114366 0.989813 0.483206 0.079600
132 0.010187 -0.117494 -3.114366 0.989813 0.497219 0.279451
133 0.010187 -0.117494 -3.114366 0.989813 0.505013 0.349513
134 0.010187 -0.117494 -3.114366 0.989813 0.514260 0.382473
135 0.010187 -0.117494 -3.114366 0.989813 0.500581 0.059475
136 0.010187 -0.117494 -3.114366 0.989813 0.506675 0.254228
137 0.010187 -0.117494 -3.114366 0.989813 0.504826 0.278783
138 0.010187 -0.117494 -3.114366 0.989813 0.506120 0.293364
139 0.010187 -0.117494 -3.114366 0.989813 0.503737 0.313982
140 0.010187 -0.117494 -3.114366 0.989813 0.505930 0.256530
141 0.010187 -0.117494 -3.114366 0.989813 0.505780 0.219897
142 0.010187 -0.117494 -3.114366 0.989813 0.495573 0.107466
143 0.010187 -0.117494 -3.114366 0.989813 0.501663 0.408270
144 0.010187 -0.117494 -3.114366 0.989813 0.488470 0.156799
145 0.010187 -0.117494 -3.114366 0.989813 0.496439 0.185621
146 0.010187 -0.117494 -3.114366 0.989813 0.501470 0.394882
147 0.010187 -0.117494 -3.114366 0.989813 0.491158 0.121539
148 0.010187 -0.117494 -3.114366 0.989813 0.492078 0.127156
149 0.010187 -0.117494 -3.114366 0.989813 0.500761 0.068805
150 0.010187 -0.117494 -3.114366 0.989813 0.495496 0.186779
151 0.010187 -0.117494 -3.114366 0.989813 0.497950 0.234744
152 0.010187 -0.117494 -3.114366 0.989813 0.497116 0.276943
153 0.010187 -0.117494 -3.114366 0.989813 0.498545 0.199983
154 0.010187 -0.117494 -3.114366 0.989813 0.510185 0.222930
155 0.010187 -0.117494 -3.114366 0.989813 0.483991 0.059303
156 0.010187 -0.117494 -3.114366 0.989813 0.499677 0.199475
157 0.010187 -0.117494 -3.114366 0.989813 0.498528 0.212917
158 0.010187 -0.117494 -3.114366 0.989813 0.494282 0.194055
159 0.010187 -0.117494 -3.114366 0.989813 0.496238 0.155628
160 0.010187 -0.117494 -3.114366 0.989813 0.503243 0.348583
161 0.010187 -0.117494 -3.114366 0.989813 0.503181 0.047868
162 0.010187 -0.117494 -3.114366 0.989813 0.498815 0.209274
163 0.010187 -0.117494 -3.114366 0.989813 0.503528 0.263724
164 0.010187 -0.117494 -3.114366 0.989813 0.490606 0.114402
165 0.010187 -0.117494 -3.114366 0.989813 0.506443 0.372026
166 0.010187 -0.117494 -3.114366 0.989813 0.505856 0.326946
167 0.010187 -0.117494 -3.114366 0.989813 0.514182 0.311997
168 0.010187 -0.117494 -3.114366 0.989813 0.497628 0.248239
169 0.010187 -0.117494 -3.114366 0.989813 0.500570 0.163711
170 0.010187 -0.117494 -3.114366 0.989813 0.497004 0.109716
171 0.010187 -0.117494 -3.114366 0.989813 0.499990 0.021503
172 0.010187 -0.117494 -3.114366 0.989813 0.503373 0.209633
173 0.010187 -0.117494 -3.114366 0.989813 0.497265 0.061824
174 0.010187 -0.117494 -3.114366 0.989813 0.502071 0.250348
175 0.010187 -0.117494 -3.114366 0.989813 0.488724 0.032124
176 0.010187 -0.117494 -3.114366 0.989813 0.502742 0.193546
177 0.010187 -0.117494 -3.114366 0.989813 0.496708 0.137772
178 0.010187 -0.117494 -3.114366 0.989813 0.511472 0.245993
179 0.010187 -0.117494 -3.114366 0.989813 0.498696 0.158285
180 0.010187 -0.117494 -3.114366 0.989813 0.496611 0.003622
181 0.010187 -0.117494 -3.114366 0.989813 0.499494 0.077540
182 0.010187 -0.117494 -3.114366 0.989813 0.511543 0.347499
183 0.010187 -0.117494 -3.114366 0.989813 0.511433 0.386310
184 0.010187 -0.117494 -3.114366 0.989813 0.502119 0.408782
185 0.010187 -0.117494 -3.114366 0.989813 0.497910 0.255621
186 0.010187 -0.117494 -3.114366 0.989813 0.501303 0.368785
187 0.010187 -0.117494 -3.114366 0.989813 0.494797 0.245648
188 0.010187 -0.117494 -3.114366 0.989813 0.496306 0.199540
189 0.010187 -0.117494 -3.114366 0.989813 0.502496 0.244286
190 0.010187 -0.117494 -3.114366 0.989813 0.499313 0.324227
191 0.010187 -0.117494 -3.114366 0.989813 0.492411 0.102176
192 0.010187 -0.117494 -3.114366 0.989813 0.508720 0.152836
193 0.010187 -0.117494 -3.114366 0.989813 0.504754 0.162828
194 0.010187 -0.117494 -3.114366 0.989813 0.509017 0.102016
195 0.010187 -0.117494 -3.114366 0.989813 0.499707 0.183272
196 0.010187 -0.117494 -3.114366 0.989813 0.507682 0.423494
197 0.010187 -0.117494 -3.114366 0.989813 0.503035 0.422795
198 0.010187 -0.117494 -3.114366 0.989813 0.506556 0.210140
199 0.010187 -0.117494 -3.114366 0.989813 0.501801 0.133115
200 0.010187 -0.117494 -3.114366 0.989813 0.497379 0.172834
201 0.010187 -0.117494 -3.114366 0.989813 0.495656 0.210887
202 0.010187 -0.117494 -3.114366 0.989813 0.502924 0.221919
203 0.010187 -0.117494 -3.114366 0.989813 0.504005 0.300361
204 0.010187 -0.117494 -3.114366 0.989813 0.495565 0.293246
205 0.010187 -0.117494 -3.114366 0.989813 0.504436 0.349013
206 0.010187 -0.117494 -3.114366 0.989813 0.505144 0.360079
207 0.010187 -0.117494 -3.114366 0.989813 0.500045 0.207002
208 0.010187 -0.117494 -3.114366 0.989813 0.487784 0.102369
209 0.010187 -0.117494 -3.114366 0.989813 0.497851 0.336743
210 0.010187 -0.117494 -3.114366 0.989813 0.504888 0.074546
211 0.010187 -0.117494 -3.114366 0.989813 0.498909 0.188395
212 0.010187 -0.117494 -3.114366 0.989813 0.496794 0.188399
213 0.010187 -0.117494 -3.114366 0.989813 0.506359 0.331278
214 0.010187 -0.117494 -3.114366 0.989813 0.509587 0.385681
215 0.010187 -0.117494 -3.114366 0.989813 0.501396 0.269044
216 0.010187 -0.117494 -3.114366 0.989813 0.501179 0.103109
217 0.010187 -0.117494 -3.114366 0.989813 0.506768 0.210588
218 0.010187 -0.117494 -3.114366 0.989813 0.495929 0.164014
219 0.010187 -0.117494 -3.114366 0.989813 0.504199 0.197940
220 0.010187 -0.117494 -3.114366 0.989813 0.501980 0.293917
221 0.010187 -0.117494 -3.114366 0.989813 0.497064 0.172812
222 0.010187 -0.117494 -3.114366 0.989813 0.501329 0.267694
223 0.010187 -0.117494 -3.114366 0.989813 0.500661 0.160608
224 0.010187 -0.117494 -3.114366 0.989813 0.491690 0.129526
225 0.010187 -0.117494 -3.114366 0.989813 0.502129 0.263075
226 0.010187 -0.117494 -3.114366 0.989813 0.505267 0.296770
227 0.010187 -0.117494 -3.114366 0.989813 0.499390 0.021566
228 0.010187 -0.117494 -3.114366 0.989813 0.499247 0.066646
229 0.010187 -0.117494 -3.114366 0.989813 0.504110 0.077962
230 0.010187 -0.117494 -3.114366 0.989813 0.496349 0.103498
231 0.010187 -0.117494 -3.114366 0.989813 0.498261 0.045636
232 0.010187 -0.117494 -3.114366 0.989813 0.507409 0.378444
233 0.010187 -0.117494 -3.114366 0.989813 0.500788 0.106624
234 0.010187 -0.117494 -3.114366 0.989813 0.492824 0.096762
235 0.010187 -0.117494 -3.114366 0.989813 0.501288 0.264493
236 0.010187 -0.117494 -3.114366 0.989813 0.502872 0.028330
237 0.010187 -0.117494 -3.114366 0.989813 0.503371 0.298664
238 0.010187 -0.117494 -3.114366 0.989813 0.497810 0.255158
239 0.010187 -0.117494 -3.114366 0.989813 0.499100 0.186897
240 0.010187 -0.117494 -3.114366 0.989813 0.502168 0.368360
241 0.010187 -0.117494 -3.114366 0.989813 0.490549 0.042411
242 0.010187 -0.117494 -3.114366 0.989813 0.492229 0.115291
243 0.010187 -0.117494 -3.114366 0.989813 0.492221 0.109374
244 0.010187 -0.117494 -3.114366 0.989813 0.507017 0.203518
245 0.010187 -0.117494 -3.114366 0.989813 0.500926 0.301819
246 0.010187 -0.117494 -3.114366 0.989813 0.497577 0.332544
247 0.010187 -0.117494 -3.114366 0.989813 0.509916 0.276255
248 0.010187 -0.117494 -3.114366 0.989813 0.508559 0.117043
249 0.010187 -0.117494 -3.114366 0.989813 0.494091 0.270137
250 0.010187 -0.117494 -3.114366 0.989813 0.507040 0.193589
251 0.010187 -0.117494 -3.114366 0.989813 0.493035 0.122548
252 0.010187 -0.117494 -3.114366 0.989813 0.497777 0.156270
253 0.010187 -0.117494 -3.114366 0.989813 0.509916 0.379953
254 0.010187 -0.117494 -3.114366 0.989813 0.513304 0.277981
255 0.010187 -0.117494 -3.114366 0.989813 0.501835 0.093508
256 0.010187 -0.117494 -3.114366 0.989813 0.500623 0.306673
257 0.010187 -0.117494 -3.114366 0.989813 0.513055 0.155509
258 0.010187 -0.117494 -3.114366 0.989813 0.510722 0.029963
259 0.010187 -0.117494 -3.114366 0.989813 0.504696 0.191514
260 0.010187 -0.117494 -3.114366 0.989813 0.498633 0.002522
261 0.010187 -0.117494 -3.114366 0.989813 0.505356 0.259578
262 0.010187 -0.117494 -3.114366 0.989813 0.505466 0.333272
263 0.010187 -0.117494 -3.114366 0.989813 0.498286 0.295152
264 0.010187 -0.117494 -3.114366 0.989813 0.487508 0.084860
265 0.010187 -0.117494 -3.114366 0.989813 0.505628 0.306855
266 0.010187 -0.117494 -3.114366 0.989813 0.495238 0.239115
267 0.010187 -0.117494 -3.114366 0.989813 0.497307 0.113192
268 0.010187 -0.117494 -3.114366 0.989813 0.502350 0.273361
269 0.010187 -0.117494 -3.114366 0.989813 0.503704 0.159133
270 0.010187 -0.117494 -3.114366 0.989813 0.509619 0.143280
271 0.010187 -0.117494 -3.114366 0.989813 0.507966 0.360791
272 0.010187 -0.117494 -3.114366 0.989813 0.510380 0.312444
273 0.010187 -0.117494 -3.114366 0.989813 0.516592 0.218959
274 0.010187 -0.117494 -3.114366 0.989813 0.492423 0.132355
275 0.010187 -0.117494 -3.114366 0.989813 0.504993 0.299238
276 0.010187 -0.117494 -3.114366 0.989813 0.514179 0.108302
277 0.010187 -0.117494 -3.114366 0.989813 0.500081 0.105563
278 0.010187 -0.117494 -3.114366 0.989813 0.487568 0.027241
279 0.010187 -0.117494 -3.114366 0.989813 0.496515 0.059866
280 0.010187 -0.117494 -3.114366 0.989813 0.496007 0.209071
281 0.010187 -0.117494 -3.114366 0.989813 0.511644 0.112498
282 0.010187 -0.117494 -3.114366 0.989813 0.502314 0.178929
283 0.010187 -0.117494 -3.114366 0.989813 0.493170 0.180282
284 0.010187 -0.117494 -3.114366 0.989813 0.502393 0.252177
285 0.010187 -0.117494 -3.114366 0.989813 0.511055 0.294363
286 0.010187 -0.117494 -3.114366 0.989813 0.502711 0.097663
287 0.010187 -0.117494 -3.114366 0.989813 0.511275 0.382217
288 0.010187 -0.117494 -3.114366 0.989813 0.514802 0.375511
289 0.010187 -0.117494 -3.114366 0.989813 0.499740 0.206307
290 0.010187 -0.117494 -3.114366 0.989813 0.485285 0.068673
291 0.010187 -0.117494 -3.114366 0.989813 0.495823 0.024045
292 0.010187 -0.117494 -3.114366 0.989813 0.497768 0.144861
293 0.010187 -0.117494 -3.114366 0.989813 0.507807 0.107631
294 0.010187 -0.117494 -3.114366 0.989813 0.505949 0.062541
295 0.010187 -0.117494 -3.114366 0.989813 0.500441 0.059964
296 0.010187 -0.117494 -3.114366 0.989813 0.500660 0.293199
297 0.010187 -0.117494 -3.114366 0.989813 0.500252 0.155228
298 0.010187 -0.117494 -3.114366 0.989813 0.506012 0.236572
299 0.010187 -0.117494 -3.114366 0.989813 0.490659 0.002716
300 0.010187 -0.117494 -3.114366 0.989813 0.490414 0.078391
301 0.010187 -0.117494 -3.114366 0.989813 0.494830 0.028205
302 0.010187 -0.117494 -3.114366 0.989813 0.506481 0.379198
303 0.010187 -0.117494 -3.114366 0.989813 0.509077 0.329740
304 0.010187 -0.117494 -3.114366 0.989813 0.494248 0.194336
305 0.010187 -0.117494 -3.114366 0.989813 0.494626 0.002503
306 0.010187 -0.117494 -3.114366 0.989813 0.491087 0.102119
307 0.010187 -0.117494 -3.114366 0.989813 0.501063 0.311446
308 0.010187 -0.117494 -3.114366 0.989813 0.501612 0.154508
309 0.010187 -0.117494 -3.114366 0.989813 0.510911 0.312517
310 0.010187 -0.117494 -3.114366 0.989813 0.495164 0.023892
311 0.010187 -0.117494 -3.114366 0.989813 0.514416 0.220334
312 0.010187 -0.117494 -3.114366 0.989813 0.494274 0.110351
313 0.010187 -0.117494 -3.114366 0.989813 0.510281 0.116786
314 0.010187 -0.117494 -3.114366 0.989813 0.505218 0.189185
315 0.010187 -0.117494 -3.114366 0.989813 0.505873 0.206124
316 0.010187 -0.117494 -3.114366 0.989813 0.505396 0.131433
317 0.010187 -0.117494 -3.114366 0.989813 0.505810 0.293509
318 0.010187 -0.117494 -3.114366 0.989813 0.505357 0.262306
319 0.010187 -0.117494 -3.114366 0.989813 0.495636 0.102161
320 0.010187 -0.117494 -3.114366 0.989813 0.504401 0.204750
321 0.010187 -0.117494 -3.114366 0.989813 0.504351 0.110552
322 0.010187 -0.117494 -3.114366 0.989813 0.513222 0.229766
323 0.010187 -0.117494 -3.114366 0.989813 0.508639 0.228114
324 0.010187 -0.117494 -3.114366 0.989813 0.491598 0.057699
325 0.010187 -0.117494 -3.114366 0.989813 0.497588 0.224315
326 0.010187 -0.117494 -3.114366 0.989813 0.508393 0.361911
327 0.010187 -0.117494 -3.114366 0.989813 0.500256 0.237936
328 0.010187 -0.117494 -3.114366 0.989813 0.494897 0.307858
329 0.010187 -0.117494 -3.114366 0.989813 0.501036 0.303346
330 0.010187 -0.117494 -3.114366 0.989813 0.503846 0.209176
331 0.010187 -0.117494 -3.114366 0.989813 0.502166 0.173313
332 0.010187 -0.117494 -3.114366 0.989813 0.509209 0.375713
333 0.010187 -0.117494 -3.114366 0.989813 0.498782 0.153887
334 0.010187 -0.117494 -3.114366 0.989813 0.493557 0.133601
335 0.010187 -0.117494 -3.114366 0.989813 0.496395 0.182679
336 0.010187 -0.117494 -3.114366 0.989813 0.491193 0.197589
337 0.010187 -0.117494 -3.114366 0.989813 0.497609 0.368776
338 0.010187 -0.117494 -3.114366 0.989813 0.508143 0.199539
339 0.010187 -0.117494 -3.114366 0.989813 0.499396 0.333276
340 0.010187 -0.117494 -3.114366 0.989813 0.497495 0.219771
341 0.010187 -0.117494 -3.114366 0.989813 0.493702 0.287080
342 0.010187 -0.117494 -3.114366 0.989813 0.498752 0.203464
343 0.010187 -0.117494 -3.114366 0.989813 0.488135 0.023400
344 0.010187 -0.117494 -3.114366 0.989813 0.512300 0.242561
345 0.010187 -0.117494 -3.114366 0.989813 0.504493 0.106587
346 0.010187 -0.117494 -3.114366 0.989813 0.511703 0.375860
347 0.010187 -0.117494 -3.114366 0.989813 0.496145 0.124886
348 0.010187 -0.117494 -3.114366 0.989813 0.496029 0.133981
349 0.010187 -0.117494 -3.114366 0.989813 0.505863 0.254753
350 0.010187 -0.117494 -3.114366 0.989813 0.503464 0.121951
351 0.010187 -0.117494 -3.114366 0.989813 0.493108 0.220554
352 0.010187 -0.117494 -3.114366 0.989813 0.501927 0.248083
353 0.010187 -0.117494 -3.114366 0.989813 0.500706 0.274436
354 0.010187 -0.117494 -3.114366 0.989813 0.499001 0.260066
355 0.010187 -0.117494 -3.114366 0.989813 0.499493 0.152840
356 0.010187 -0.117494 -3.114366 0.989813 0.493996 0.250876
357 0.010187 -0.117494 -3.114366 0.989813 0.506915 0.179397
358 0.010187 -0.117494 -3.114366 0.989813 0.499202 0.246775
359 0.010187 -0.117494 -3.114366 0.989813 0.507025 0.438343
360 0.010187 -0.117494 -3.114366 0.989813 0.502615 0.261471
361 0.010187 -0.117494 -3.114366 0.989813 0.496634 0.257181
362 0.010187 -0.117494 -3.114366 0.989813 0.494294 0.191704
363 0.010187 -0.117494 -3.114366 0.989813 0.505434 0.294476
364 0.010187 -0.117494 -3.114366 0.989813 0.499214 0.247159
365 0.010187 -0.117494 -3.114366 0.989813 0.501553 0.440830
366 0.010187 -0.117494 -3.114366 0.989813 0.511150 0.337634
367 0.010187 -0.117494 -3.114366 0.989813 0.499182 0.171989
368 0.010187 -0.117494 -3.114366 0.989813 0.492377 0.072958
369 0.010187 -0.117494 -3.114366 0.989813 0.498715 0.364367
370 0.010187 -0.117494 -3.114366 0.989813 0.489044 0.153107
371 0.010187 -0.117494 -3.114366 0.989813 0.495822 0.206960
372 0.010187 -0.117494 -3.114366 0.989813 0.504778 0.204917
373 0.010187 -0.117494 -3.114366 0.989813 0.505390 0.325501
374 0.010187 -0.117494 -3.114366 0.989813 0.495857 0.023148
375 0.010187 -0.117494 -3.114366 0.989813 0.504053 0.161879
376 0.010187 -0.117494 -3.114366 0.989813 0.507325 0.241488
377 0.010187 -0.117494 -3.114366 0.989813 0.507899 0.064000
378 0.010187 -0.117494 -3.114366 0.989813 0.499734 0.366085
379 0.010187 -0.117494 -3.114366 0.989813 0.508420 0.374603
380 0.010187 -0.117494 -3.114366 0.989813 0.505024 0.312743
381 0.010187 -0.117494 -3.114366 0.989813 0.515965 0.305731
382 0.010187 -0.117494 -3.114366 0.989813 0.501735 0.209897
383 0.010187 -0.117494 -3.114366 0.989813 0.486336 0.087316
384 0.010187 -0.117494 -3.114366 0.989813 0.497677 0.014527
385 0.010187 -0.117494 -3.114366 0.989813 0.507851 0.298608
386 0.010187 -0.117494 -3.114366 0.989813 0.492671 0.235532
387 0.010187 -0.117494 -3.114366 0.989813 0.494445 0.153471
388 0.010187 -0.117494 -3.114366 0.989813 0.484431 0.153550
389 0.010187 -0.117494 -3.114366 0.989813 0.505612 0.417491
390 0.010187 -0.117494 -3.114366 0.989813 0.510650 0.396103
391 0.010187 -0.117494 -3.114366 0.989813 0.505670 0.153178
392 0.010187 -0.117494 -3.114366 0.989813 0.509708 0.109786
393 0.010187 -0.117494 -3.114366 0.989813 0.487136 0.083501
394 0.010187 -0.117494 -3.114366 0.989813 0.499233 0.250725
395 0.010187 -0.117494 -3.114366 0.989813 0.501815 0.072843
396 0.010187 -0.117494 -3.114366 0.989813 0.504214 0.105974
397 0.010187 -0.117494 -3.114366 0.989813 0.498108 0.383836
398 0.010187 -0.117494 -3.114366 0.989813 0.504796 0.346466
399 0.010187 -0.117494 -3.114366 0.989813 0.505635 0.204593
400 0.010187 -0.117494 -3.114366 0.989813 0.495693 0.297391
401 0.010187 -0.117494 -3.114366 0.989813 0.494020 0.181326
402 0.010187 -0.117494 -3.114366 0.989813 0.504495 0.293353
403 0.010187 -0.117494 -3.114366 0.989813 0.505851 0.333519
404 0.010187 -0.117494 -3.114366 0.989813 0.505006 0.157101
405 0.010187 -0.117494 -3.114366 0.989813 0.504756 0.445247
406 0.010187 -0.117494 -3.114366 0.989813 0.502165 0.385799
407 0.010187 -0.117494 -3.114366 0.989813 0.488589 0.153981
408 0.010187 -0.117494 -3.114366 0.989813 0.492491 0.333103
409 0.010187 -0.117494 -3.114366 0.989813 0.497139 0.294941
410 0.010187 -0.117494 -3.114366 0.989813 0.505870 0.389012
411 0.010187 -0.117494 -3.114366 0.989813 0.496506 0.213579
412 0.010187 -0.117494 -3.114366 0.989813 0.493122 0.119735
413 0.010187 -0.117494 -3.114366 0.989813 0.489968 0.205907
414 0.010187 -0.117494 -3.114366 0.989813 0.507626 0.250021
415 0.010187 -0.117494 -3.114366 0.989813 0.496682 0.273494
416 0.010187 -0.117494 -3.114366 0.989813 0.500005 0.381743
417 0.010187 -0.117494 -3.114366 0.989813 0.500342 0.273223
418 0.010187 -0.117494 -3.114366 0.989813 0.498177 0.213402
419 0.010187 -0.117494 -3.114366 0.989813 0.500416 0.163210
420 0.010187 -0.117494 -3.114366 0.989813 0.491365 0.321212
421 0.010187 -0.117494 -3.114366 0.989813 0.496864 0.204992
422 0.010187 -0.117494 -3.114366 0.989813 0.497757 0.161035
423 0.010187 -0.117494 -3.114366 0.989813 0.502902 0.275368
424 0.010187 -0.117494 -3.114366 0.989813 0.495775 0.127829
425 0.010187 -0.117494 -3.114366 0.989813 0.513497 0.226596
426 0.010187 -0.117494 -3.114366 0.989813 0.491148 0.113417
427 0.010187 -0.117494 -3.114366 0.989813 0.509011 0.364885
428 0.010187 -0.117494 -3.114366 0.989813 0.505007 0.331887
429 0.010187 -0.117494 -3.114366 0.989813 0.500816 0.270321
430 0.010187 -0.117494 -3.114366 0.989813 0.494837 0.005005
431 0.010187 -0.117494 -3.114366 0.989813 0.502814 0.156719
432 0.010187 -0.117494 -3.114366 0.989813 0.497880 0.299741
433 0.010187 -0.117494 -3.114366 0.989813 0.508685 0.268226
434 0.010187 -0.117494 -3.114366 0.989813 0.499687 0.181645
435 0.010187 -0.117494 -3.114366 0.989813 0.500516 0.138997
436 0.010187 -0.117494 -3.114366 0.989813 0.498881 0.299916
437 0.010187 -0.117494 -3.114366 0.989813 0.498096 0.208542
438 0.010187 -0.117494 -3.114366 0.989813 0.505721 0.396786
439 0.010187 -0.117494 -3.114366 0.989813 0.504685 0.154610
440 0.010187 -0.117494 -3.114366 0.989813 0.485790 0.102187
441 0.010187 -0.117494 -3.114366 0.989813 0.498703 0.335222
442 0.010187 -0.117494 -3.114366 0.989813 0.502409 0.156192
443 0.010187 -0.117494 -3.114366 0.989813 0.509267 0.367541
444 0.010187 -0.117494 -3.114366 0.989813 0.504570 0.295159
445 0.010187 -0.117494 -3.114366 0.989813 0.503785 0.126879
446 0.010187 -0.117494 -3.114366 0.989813 0.499180 0.248892
447 0.010187 -0.117494 -3.114366 0.989813 0.509991 0.302814
448 0.010187 -0.117494 -3.114366 0.989813 0.499912 0.250884
449 0.010187 -0.117494 -3.114366 0.989813 0.490286 0.223855
450 0.010187 -0.117494 -3.114366 0.989813 0.510471 0.111269
451 0.010187 -0.117494 -3.114366 0.989813 0.499352 0.135808
452 0.010187 -0.117494 -3.114366 0.989813 0.494377 0.112274
453 0.010187 -0.117494 -3.114366 0.989813 0.493618 0.301404
454 0.010187 -0.117494 -3.114366 0.989813 0.500430 0.204802
455 0.010187 -0.117494 -3.114366 0.989813 0.517641 0.379987
456 0.010187 -0.117494 -3.114366 0.989813 0.489132 0.161490
457 0.010187 -0.117494 -3.114366 0.989813 0.495511 0.226808
458 0.010187 -0.117494 -3.114366 0.989813 0.510280 0.374018
459 0.010187 -0.117494 -3.114366 0.989813 0.501495 0.187401
460 0.010187 -0.117494 -3.114366 0.989813 0.491871 0.128056
461 0.010187 -0.117494 -3.114366 0.989813 0.494382 0.210825
462 0.010187 -0.117494 -3.114366 0.989813 0.502691 0.324298
463 0.010187 -0.117494 -3.114366 0.989813 0.496763 0.236249
464 0.010187 -0.117494 -3.114366 0.989813 0.507282 0.277835
465 0.010187 -0.117494 -3.114366 0.989813 0.503357 0.170625
466 0.010187 -0.117494 -3.114366 0.989813 0.498791 0.226695
467 0.010187 -0.117494 -3.114366 0.989813 0.503131 0.253704
468 0.010187 -0.117494 -3.114366 0.989813 0.493538 0.251544
469 0.010187 -0.117494 -3.114366 0.989813 0.510195 0.279033
470 0.010187 -0.117494 -3.114366 0.989813 0.497752 0.223345
471 0.010187 -0.117494 -3.114366 0.989813 0.507218 0.236939
472 0.010187 -0.117494 -3.114366 0.989813 0.501936 0.206213
473 0.010187 -0.117494 -3.114366 0.989813 0.495109 0.044848
474 0.010187 -0.117494 -3.114366 0.989813 0.501249 0.316417
475 0.010187 -0.117494 -3.114366 0.989813 0.491638 0.296143
476 0.010187 -0.117494 -3.114366 0.989813 0.505563 0.264218
477 0.010187 -0.117494 -3.114366 0.989813 0.497879 0.213554
478 0.010187 -0.117494 -3.114366 0.989813 0.503883 0.116283
479 0.010187 -0.117494 -3.114366 0.989813 0.499000 0.251105
480 0.010187 -0.117494 -3.114366 0.989813 0.498131 0.127260
481 0.010187 -0.117494 -3.114366 0.989813 0.504706 0.309944
482 0.010187 -0.117494 -3.114366 0.989813 0.495967 0.262823
483 0.010187 -0.117494 -3.114366 0.989813 0.502327 0.276769
484 0.010187 -0.117494 -3.114366 0.989813 0.510769 0.259161
485 0.010187 -0.117494 -3.114366 0.989813 0.493098 0.251533
486 0.010187 -0.117494 -3.114366 0.989813 0.495949 0.091283
487 0.010187 -0.117494 -3.114366 0.989813 0.491872 0.008623
488 0.010187 -0.117494 -3.114366 0.989813 0.498745 0.104128
489 0.010187 -0.117494 -3.114366 0.989813 0.500808 0.312567
490 0.010187 -0.117494 -3.114366 0.989813 0.500101 0.334583
491 0.010187 -0.117494 -3.114366 0.989813 0.509918 0.319478
492 0.010187 -0.117494 -3.114366 0.989813 0.499417 0.204152
493 0.010187 -0.117494 -3.114366 0.989813 0.497188 0.248552
494 0.010187 -0.117494 -3.114366 0.989813 0.507275 0.179075
495 0.010187 -0.117494 -3.114366 0.989813 0.490630 0.104333
496 0.010187 -0.117494 -3.114366 0.989813 0.505369 0.347659
497 0.010187 -0.117494 -3.114366 0.989813 0.508820 0.325172
498 0.010187 -0.117494 -3.114366 0.989813 0.492114 0.123266
499 0.010187 -0.117494 -3.114366 0.989813 0.502915 0.061611
