Lp  F6        x1       x2        Ocena     Średni    Najgorszy
0 0.204177 -11.357290 4.536507 0.795823 0.510917 0.321896
1 0.111856 -5.882353 1.130694 0.888144 0.496585 0.334612
2 0.111856 -5.882353 1.130694 0.888144 0.499819 0.112389
3 0.111856 -5.882353 1.130694 0.888144 0.498790 0.297344
4 0.111856 -5.882353 1.130694 0.888144 0.495914 0.056584
5 0.111856 -5.882353 1.130694 0.888144 0.502103 0.259701
6 0.111856 -5.882353 1.130694 0.888144 0.498696 0.161268
7 0.111856 -5.882353 1.130694 0.888144 0.499461 0.204260
8 0.111856 -5.882353 1.130694 0.888144 0.498199 0.129174
9 0.111856 -5.882353 1.130694 0.888144 0.492725 0.206758
10 0.111856 -5.882353 1.130694 0.888144 0.492582 0.215562
11 0.079050 -0.816358 2.751202 0.920950 0.512769 0.153215
12 0.079050 -0.816358 2.751202 0.920950 0.502170 0.153213
13 0.079050 -0.816358 2.751202 0.920950 0.501762 0.218814
14 0.079050 -0.816358 2.751202 0.920950 0.498673 0.095003
15 0.079050 -0.816358 2.751202 0.920950 0.499664 0.300763
16 0.079050 -0.816358 2.751202 0.920950 0.507491 0.206622
17 0.018842 1.264973 2.766461 0.981158 0.499403 0.101980
18 0.018842 1.264973 2.766461 0.981158 0.506473 0.388404
19 0.018842 1.264973 2.766461 0.981158 0.511287 0.367761
20 0.018842 1.264973 2.766461 0.981158 0.498829 0.024082
21 0.018842 1.264973 2.766461 0.981158 0.492308 0.139945
22 0.018842 1.264973 2.766461 0.981158 0.495840 0.207362
23 0.018842 1.264973 2.766461 0.981158 0.505549 0.291093
24 0.018842 1.264973 2.766461 0.981158 0.508978 0.046708
25 0.018842 1.264973 2.766461 0.981158 0.507675 0.447314
26 0.018842 1.264973 2.766461 0.981158 0.501885 0.221420
27 0.018842 1.264973 2.766461 0.981158 0.498820 0.275058
28 0.018842 1.264973 2.766461 0.981158 0.510599 0.220530
29 0.018842 1.264973 2.766461 0.981158 0.500141 0.212440
30 0.018842 1.264973 2.766461 0.981158 0.504850 0.312457
31 0.018842 1.264973 2.766461 0.981158 0.484634 0.003075
32 0.018842 1.264973 2.766461 0.981158 0.499077 0.069961
33 0.018842 1.264973 2.766461 0.981158 0.513552 0.379497
34 0.018842 1.264973 2.766461 0.981158 0.498039 0.028043
35 0.018842 1.264973 2.766461 0.981158 0.495262 0.018238
36 0.018842 1.264973 2.766461 0.981158 0.497434 0.271185
37 0.018842 1.264973 2.766461 0.981158 0.498291 0.171039
38 0.018842 1.264973 2.766461 0.981158 0.501439 0.169154
39 0.018842 1.264973 2.766461 0.981158 0.515653 0.274938
40 0.018842 1.264973 2.766461 0.981158 0.493955 0.022167
41 0.018842 1.264973 2.766461 0.981158 0.498278 0.168995
42 0.018842 1.264973 2.766461 0.981158 0.494468 0.130521
43 0.018842 1.264973 2.766461 0.981158 0.500925 0.350864
44 0.018842 1.264973 2.766461 0.981158 0.497823 0.040363
45 0.018842 1.264973 2.766461 0.981158 0.497864 0.285910
46 0.018842 1.264973 2.766461 0.981158 0.491996 0.330830
47 0.018842 1.264973 2.766461 0.981158 0.500285 0.251529
48 0.018842 1.264973 2.766461 0.981158 0.501429 0.224979
49 0.018842 1.264973 2.766461 0.981158 0.499035 0.252784
50 0.018842 1.264973 2.766461 0.981158 0.504263 0.312312
51 0.018842 1.264973 2.766461 0.981158 0.498744 0.269269
52 0.018842 1.264973 2.766461 0.981158 0.502426 0.253704
53 0.018842 1.264973 2.766461 0.981158 0.494040 0.153039
54 0.018842 1.264973 2.766461 0.981158 0.510204 0.105461
55 0.018842 1.264973 2.766461 0.981158 0.495282 0.222959
56 0.018842 1.264973 2.766461 0.981158 0.496691 0.271226
57 0.018842 1.264973 2.766461 0.981158 0.516881 0.383326
58 0.018842 1.264973 2.766461 0.981158 0.506921 0.332226
59 0.018842 1.264973 2.766461 0.981158 0.493516 0.251782
60 0.018842 1.264973 2.766461 0.981158 0.492319 0.222869
61 0.018842 1.264973 2.766461 0.981158 0.501938 0.204311
62 0.018842 1.264973 2.766461 0.981158 0.496369 0.151415
63 0.018842 1.264973 2.766461 0.981158 0.504246 0.259544
64 0.018842 1.264973 2.766461 0.981158 0.502632 0.056951
65 0.018842 1.264973 2.766461 0.981158 0.512931 0.144795
66 0.018842 1.264973 2.766461 0.981158 0.502186 0.103658
67 0.018842 1.264973 2.766461 0.981158 0.504797 0.272369
68 0.018842 1.264973 2.766461 0.981158 0.498237 0.058826
69 0.018842 1.264973 2.766461 0.981158 0.509753 0.430040
70 0.018842 1.264973 2.766461 0.981158 0.496205 0.242958
71 0.018842 1.264973 2.766461 0.981158 0.505460 0.392173
72 0.018842 1.264973 2.766461 0.981158 0.487561 0.154562
73 0.018842 1.264973 2.766461 0.981158 0.498857 0.163592
74 0.018842 1.264973 2.766461 0.981158 0.500353 0.182023
75 0.018842 1.264973 2.766461 0.981158 0.495184 0.264195
76 0.018842 1.264973 2.766461 0.981158 0.498975 0.056939
77 0.018842 1.264973 2.766461 0.981158 0.505301 0.207045
78 0.018842 1.264973 2.766461 0.981158 0.492259 0.295812
79 0.018842 1.264973 2.766461 0.981158 0.505990 0.422701
80 0.018842 1.264973 2.766461 0.981158 0.493918 0.251045
81 0.018842 1.264973 2.766461 0.981158 0.497133 0.121104
82 0.018842 1.264973 2.766461 0.981158 0.502592 0.228548
83 0.018842 1.264973 2.766461 0.981158 0.495095 0.222254
84 0.018842 1.264973 2.766461 0.981158 0.498778 0.180013
85 0.018842 1.264973 2.766461 0.981158 0.490746 0.261009
86 0.018842 1.264973 2.766461 0.981158 0.504860 0.244751
87 0.018842 1.264973 2.766461 0.981158 0.494438 0.271562
88 0.018842 1.264973 2.766461 0.981158 0.497772 0.152649
89 0.018842 1.264973 2.766461 0.981158 0.502723 0.324849
90 0.018842 1.264973 2.766461 0.981158 0.499931 0.283616
91 0.018842 1.264973 2.766461 0.981158 0.505497 0.271044
92 0.018842 1.264973 2.766461 0.981158 0.495691 0.100617
93 0.018842 1.264973 2.766461 0.981158 0.502616 0.331650
94 0.018842 1.264973 2.766461 0.981158 0.500573 0.255687
95 0.018842 1.264973 2.766461 0.981158 0.501242 0.200795
96 0.018842 1.264973 2.766461 0.981158 0.506458 0.333050
97 0.018842 1.264973 2.766461 0.981158 0.494229 0.148316
98 0.018842 1.264973 2.766461 0.981158 0.499220 0.300620
99 0.018842 1.264973 2.766461 0.981158 0.509706 0.243473
100 0.015421 1.429770 2.879377 0.984579 0.510888 0.293928
101 0.015421 1.429770 2.879377 0.984579 0.500133 0.209730
102 0.015421 1.429770 2.879377 0.984579 0.513132 0.420678
103 0.015421 1.429770 2.879377 0.984579 0.495678 0.114507
104 0.015421 1.429770 2.879377 0.984579 0.500914 0.215804
105 0.015421 1.429770 2.879377 0.984579 0.489545 0.262535
106 0.015421 1.429770 2.879377 0.984579 0.503972 0.293945
107 0.015421 1.429770 2.879377 0.984579 0.513144 0.281714
108 0.015421 1.429770 2.879377 0.984579 0.512624 0.425352
109 0.015421 1.429770 2.879377 0.984579 0.508749 0.258057
110 0.015421 1.429770 2.879377 0.984579 0.497160 0.318432
111 0.015421 1.429770 2.879377 0.984579 0.507375 0.216199
112 0.015421 1.429770 2.879377 0.984579 0.505739 0.104466
113 0.015421 1.429770 2.879377 0.984579 0.497544 0.253767
114 0.015421 1.429770 2.879377 0.984579 0.493615 0.105777
115 0.015421 1.429770 2.879377 0.984579 0.490368 0.139201
116 0.015421 1.429770 2.879377 0.984579 0.498816 0.330202
117 0.015421 1.429770 2.879377 0.984579 0.497290 0.221187
118 0.015421 1.429770 2.879377 0.984579 0.494046 0.069627
119 0.015421 1.429770 2.879377 0.984579 0.497923 0.101969
120 0.015421 1.429770 2.879377 0.984579 0.500919 0.172468
121 0.015421 1.429770 2.879377 0.984579 0.498839 0.304177
122 0.015421 1.429770 2.879377 0.984579 0.497071 0.281871
123 0.015421 1.429770 2.879377 0.984579 0.500071 0.265782
124 0.015421 1.429770 2.879377 0.984579 0.503950 0.046461
125 0.015421 1.429770 2.879377 0.984579 0.500248 0.203980
126 0.015421 1.429770 2.879377 0.984579 0.497275 0.221739
127 0.015421 1.429770 2.879377 0.984579 0.499158 0.156968
128 0.015421 1.429770 2.879377 0.984579 0.501175 0.126516
129 0.015421 1.429770 2.879377 0.984579 0.499811 0.124022
130 0.015421 1.429770 2.879377 0.984579 0.501025 0.376960
131 0.015421 1.429770 2.879377 0.984579 0.489903 0.173776
132 0.015421 1.429770 2.879377 0.984579 0.502827 0.380170
133 0.015421 1.429770 2.879377 0.984579 0.504838 0.295750
134 0.015421 1.429770 2.879377 0.984579 0.488662 0.234086
135 0.015421 1.429770 2.879377 0.984579 0.485973 0.162388
136 0.015421 1.429770 2.879377 0.984579 0.489366 0.121363
137 0.015421 1.429770 2.879377 0.984579 0.500065 0.025771
138 0.015421 1.429770 2.879377 0.984579 0.494352 0.223037
139 0.015421 1.429770 2.879377 0.984579 0.501008 0.283986
140 0.015421 1.429770 2.879377 0.984579 0.501060 0.157159
141 0.015421 1.429770 2.879377 0.984579 0.494363 0.102899
142 0.015421 1.429770 2.879377 0.984579 0.503315 0.105920
143 0.015421 1.429770 2.879377 0.984579 0.500767 0.151547
144 0.015421 1.429770 2.879377 0.984579 0.499178 0.168637
145 0.015421 1.429770 2.879377 0.984579 0.504959 0.257543
146 0.015421 1.429770 2.879377 0.984579 0.505902 0.340067
147 0.015421 1.429770 2.879377 0.984579 0.503570 0.260400
148 0.015421 1.429770 2.879377 0.984579 0.510729 0.392283
149 0.015421 1.429770 2.879377 0.984579 0.509234 0.342941
150 0.015421 1.429770 2.879377 0.984579 0.498590 0.161464
151 0.015421 1.429770 2.879377 0.984579 0.498675 0.139461
152 0.015421 1.429770 2.879377 0.984579 0.503531 0.254832
153 0.015421 1.429770 2.879377 0.984579 0.501531 0.369315
154 0.015421 1.429770 2.879377 0.984579 0.493765 0.142371
155 0.015421 1.429770 2.879377 0.984579 0.507472 0.039338
156 0.015421 1.429770 2.879377 0.984579 0.494695 0.187182
157 0.015421 1.429770 2.879377 0.984579 0.498902 0.231782
158 0.015421 1.429770 2.879377 0.984579 0.492449 0.044176
159 0.015421 1.429770 2.879377 0.984579 0.491580 0.152624
160 0.015421 1.429770 2.879377 0.984579 0.505247 0.344770
161 0.015421 1.429770 2.879377 0.984579 0.490915 0.063299
162 0.015421 1.429770 2.879377 0.984579 0.503676 0.272530
163 0.015421 1.429770 2.879377 0.984579 0.499483 0.330434
164 0.015421 1.429770 2.879377 0.984579 0.493450 0.250974
165 0.015421 1.429770 2.879377 0.984579 0.500393 0.092191
166 0.015421 1.429770 2.879377 0.984579 0.499158 0.303346
167 0.015421 1.429770 2.879377 0.984579 0.502824 0.312618
168 0.015421 1.429770 2.879377 0.984579 0.504233 0.104987
169 0.015421 1.429770 2.879377 0.984579 0.513219 0.318006
170 0.015421 1.429770 2.879377 0.984579 0.498690 0.200032
171 0.015421 1.429770 2.879377 0.984579 0.506559 0.298245
172 0.015421 1.429770 2.879377 0.984579 0.496789 0.258365
173 0.015421 1.429770 2.879377 0.984579 0.479214 0.021904
174 0.015421 1.429770 2.879377 0.984579 0.502956 0.372129
175 0.015421 1.429770 2.879377 0.984579 0.492209 0.062066
176 0.015421 1.429770 2.879377 0.984579 0.505633 0.152814
177 0.015421 1.429770 2.879377 0.984579 0.498084 0.226765
178 0.015421 1.429770 2.879377 0.984579 0.501844 0.105231
179 0.015421 1.429770 2.879377 0.984579 0.503797 0.269977
180 0.015421 1.429770 2.879377 0.984579 0.501918 0.294686
181 0.015421 1.429770 2.879377 0.984579 0.507805 0.345366
182 0.015421 1.429770 2.879377 0.984579 0.498008 0.224815
183 0.015421 1.429770 2.879377 0.984579 0.496469 0.258896
184 0.015421 1.429770 2.879377 0.984579 0.492896 0.155422
185 0.015421 1.429770 2.879377 0.984579 0.483707 0.021876
186 0.015421 1.429770 2.879377 0.984579 0.497613 0.103974
187 0.015421 1.429770 2.879377 0.984579 0.493420 0.115400
188 0.015421 1.429770 2.879377 0.984579 0.504088 0.420801
189 0.015421 1.429770 2.879377 0.984579 0.502717 0.087155
190 0.015421 1.429770 2.879377 0.984579 0.495602 0.027005
191 0.015421 1.429770 2.879377 0.984579 0.499126 0.314578
192 0.015421 1.429770 2.879377 0.984579 0.497788 0.215988
193 0.015421 1.429770 2.879377 0.984579 0.504287 0.194603
194 0.015421 1.429770 2.879377 0.984579 0.486919 0.189904
195 0.015421 1.429770 2.879377 0.984579 0.495473 0.251201
196 0.015421 1.429770 2.879377 0.984579 0.486924 0.127565
197 0.015421 1.429770 2.879377 0.984579 0.496835 0.158135
198 0.015421 1.429770 2.879377 0.984579 0.504138 0.225841
199 0.015421 1.429770 2.879377 0.984579 0.506131 0.356611
200 0.015421 1.429770 2.879377 0.984579 0.494635 0.160513
201 0.015421 1.429770 2.879377 0.984579 0.499798 0.255939
202 0.015421 1.429770 2.879377 0.984579 0.498126 0.274146
203 0.015421 1.429770 2.879377 0.984579 0.493328 0.233969
204 0.015421 1.429770 2.879377 0.984579 0.503763 0.203490
205 0.015421 1.429770 2.879377 0.984579 0.508739 0.261636
206 0.015421 1.429770 2.879377 0.984579 0.503707 0.338875
207 0.015421 1.429770 2.879377 0.984579 0.514008 0.369759
208 0.015421 1.429770 2.879377 0.984579 0.496341 0.209413
209 0.015421 1.429770 2.879377 0.984579 0.500008 0.302263
210 0.015421 1.429770 2.879377 0.984579 0.497319 0.264879
211 0.015421 1.429770 2.879377 0.984579 0.503785 0.104905
212 0.015421 1.429770 2.879377 0.984579 0.503486 0.103282
213 0.015421 1.429770 2.879377 0.984579 0.512985 0.283594
214 0.015421 1.429770 2.879377 0.984579 0.497760 0.257469
215 0.015421 1.429770 2.879377 0.984579 0.497046 0.175373
216 0.015421 1.429770 2.879377 0.984579 0.494187 0.104733
217 0.015421 1.429770 2.879377 0.984579 0.497438 0.027196
218 0.015421 1.429770 2.879377 0.984579 0.500118 0.159776
219 0.015421 1.429770 2.879377 0.984579 0.499011 0.111496
220 0.015421 1.429770 2.879377 0.984579 0.498304 0.236958
221 0.015421 1.429770 2.879377 0.984579 0.496875 0.159034
222 0.015421 1.429770 2.879377 0.984579 0.491365 0.105863
223 0.015421 1.429770 2.879377 0.984579 0.497705 0.153100
224 0.015421 1.429770 2.879377 0.984579 0.492959 0.057058
225 0.015421 1.429770 2.879377 0.984579 0.508506 0.102612
226 0.015421 1.429770 2.879377 0.984579 0.500978 0.028629
227 0.015421 1.429770 2.879377 0.984579 0.507901 0.031881
228 0.015421 1.429770 2.879377 0.984579 0.495839 0.136120
229 0.015421 1.429770 2.879377 0.984579 0.504939 0.037006
230 0.015421 1.429770 2.879377 0.984579 0.500696 0.344620
231 0.015421 1.429770 2.879377 0.984579 0.498712 0.385870
232 0.015421 1.429770 2.879377 0.984579 0.506016 0.229979
233 0.015421 1.429770 2.879377 0.984579 0.519771 0.294818
234 0.015421 1.429770 2.879377 0.984579 0.503783 0.021554
235 0.015421 1.429770 2.879377 0.984579 0.500556 0.156177
236 0.015421 1.429770 2.879377 0.984579 0.505987 0.154352
237 0.015421 1.429770 2.879377 0.984579 0.510519 0.257018
238 0.015421 1.429770 2.879377 0.984579 0.504005 0.296784
239 0.015421 1.429770 2.879377 0.984579 0.501959 0.187475
240 0.015421 1.429770 2.879377 0.984579 0.502809 0.196640
241 0.015421 1.429770 2.879377 0.984579 0.502793 0.287070
242 0.015421 1.429770 2.879377 0.984579 0.508422 0.428599
243 0.015421 1.429770 2.879377 0.984579 0.493075 0.136931
244 0.011555 -1.750210 -2.552834 0.988445 0.500403 0.167190
245 0.011555 -1.750210 -2.552834 0.988445 0.503138 0.170916
246 0.011555 -1.750210 -2.552834 0.988445 0.494586 0.175111
247 0.011555 -1.750210 -2.552834 0.988445 0.497429 0.214387
248 0.011555 -1.750210 -2.552834 0.988445 0.505184 0.348961
249 0.011555 -1.750210 -2.552834 0.988445 0.496292 0.161267
250 0.011555 -1.750210 -2.552834 0.988445 0.496135 0.025229
251 0.011555 -1.750210 -2.552834 0.988445 0.507008 0.260125
252 0.011555 -1.750210 -2.552834 0.988445 0.495666 0.294814
253 0.011555 -1.750210 -2.552834 0.988445 0.501295 0.329783
254 0.011555 -1.750210 -2.552834 0.988445 0.492125 0.032251
255 0.011555 -1.750210 -2.552834 0.988445 0.502619 0.338080
256 0.011555 -1.750210 -2.552834 0.988445 0.494615 0.211882
257 0.011555 -1.750210 -2.552834 0.988445 0.506343 0.171181
258 0.011555 -1.750210 -2.552834 0.988445 0.507943 0.295030
259 0.011555 -1.750210 -2.552834 0.988445 0.497448 0.250877
260 0.011555 -1.750210 -2.552834 0.988445 0.504380 0.302079
261 0.011555 -1.750210 -2.552834 0.988445 0.495590 0.312682
262 0.011555 -1.750210 -2.552834 0.988445 0.516223 0.371201
263 0.011555 -1.750210 -2.552834 0.988445 0.501400 0.254660
264 0.011555 -1.750210 -2.552834 0.988445 0.493597 0.278937
265 0.011555 -1.750210 -2.552834 0.988445 0.492467 0.163029
266 0.011555 -1.750210 -2.552834 0.988445 0.490485 0.104622
267 0.011555 -1.750210 -2.552834 0.988445 0.495410 0.320369
268 0.011555 -1.750210 -2.552834 0.988445 0.498095 0.283842
269 0.011555 -1.750210 -2.552834 0.988445 0.496606 0.148947
270 0.011555 -1.750210 -2.552834 0.988445 0.495256 0.106067
271 0.011555 -1.750210 -2.552834 0.988445 0.514140 0.212757
272 0.011555 -1.750210 -2.552834 0.988445 0.485882 0.028587
273 0.011555 -1.750210 -2.552834 0.988445 0.498027 0.163442
274 0.011555 -1.750210 -2.552834 0.988445 0.503362 0.360067
275 0.011555 -1.750210 -2.552834 0.988445 0.506282 0.336836
276 0.011555 -1.750210 -2.552834 0.988445 0.497933 0.152659
277 0.011555 -1.750210 -2.552834 0.988445 0.496377 0.047609
278 0.011555 -1.750210 -2.552834 0.988445 0.498332 0.372091
279 0.011555 -1.750210 -2.552834 0.988445 0.495428 0.203398
280 0.011555 -1.750210 -2.552834 0.988445 0.502068 0.239908
281 0.011555 -1.750210 -2.552834 0.988445 0.501148 0.307708
282 0.011555 -1.750210 -2.552834 0.988445 0.503402 0.371411
283 0.011555 -1.750210 -2.552834 0.988445 0.509225 0.414463
284 0.011555 -1.750210 -2.552834 0.988445 0.503664 0.080441
285 0.011555 -1.750210 -2.552834 0.988445 0.514100 0.273328
286 0.011555 -1.750210 -2.552834 0.988445 0.492275 0.165387
287 0.011555 -1.750210 -2.552834 0.988445 0.504588 0.363178
288 0.011555 -1.750210 -2.552834 0.988445 0.490370 0.168708
289 0.011555 -1.750210 -2.552834 0.988445 0.503970 0.338442
290 0.011555 -1.750210 -2.552834 0.988445 0.496205 0.228847
291 0.011555 -1.750210 -2.552834 0.988445 0.511680 0.122626
292 0.011555 -1.750210 -2.552834 0.988445 0.503114 0.373816
293 0.011555 -1.750210 -2.552834 0.988445 0.501974 0.296805
294 0.011555 -1.750210 -2.552834 0.988445 0.501361 0.154268
295 0.011555 -1.750210 -2.552834 0.988445 0.486760 0.191858
296 0.010391 1.319905 2.876326 0.989609 0.508405 0.158894
297 0.010391 1.319905 2.876326 0.989609 0.501511 0.070593
298 0.010391 1.319905 2.876326 0.989609 0.495903 0.250946
299 0.010391 1.319905 2.876326 0.989609 0.501902 0.058673
300 0.010391 1.319905 2.876326 0.989609 0.501733 0.250919
301 0.010391 1.319905 2.876326 0.989609 0.489883 0.167804
302 0.010391 1.319905 2.876326 0.989609 0.503965 0.264122
303 0.010391 1.319905 2.876326 0.989609 0.497905 0.191221
304 0.010391 1.319905 2.876326 0.989609 0.510484 0.385820
305 0.010391 1.319905 2.876326 0.989609 0.493405 0.037885
306 0.010391 1.319905 2.876326 0.989609 0.501080 0.220323
307 0.010391 1.319905 2.876326 0.989609 0.501021 0.269650
308 0.010391 1.319905 2.876326 0.989609 0.500347 0.160499
309 0.010391 1.319905 2.876326 0.989609 0.496852 0.117552
310 0.010391 1.319905 2.876326 0.989609 0.495525 0.241520
311 0.010391 1.319905 2.876326 0.989609 0.505300 0.303375
312 0.010391 1.319905 2.876326 0.989609 0.499707 0.154677
313 0.010391 1.319905 2.876326 0.989609 0.499659 0.185801
314 0.010391 1.319905 2.876326 0.989609 0.493642 0.140362
315 0.010391 1.319905 2.876326 0.989609 0.493540 0.217100
316 0.010391 1.319905 2.876326 0.989609 0.492275 0.059507
317 0.010391 1.319905 2.876326 0.989609 0.493922 0.002511
318 0.010391 1.319905 2.876326 0.989609 0.508267 0.300964
319 0.010391 1.319905 2.876326 0.989609 0.499153 0.299019
320 0.010391 1.319905 2.876326 0.989609 0.509731 0.305956
321 0.010391 1.319905 2.876326 0.989609 0.499114 0.078709
322 0.010391 1.319905 2.876326 0.989609 0.497182 0.077499
323 0.010391 1.319905 2.876326 0.989609 0.508764 0.421433
324 0.010391 1.319905 2.876326 0.989609 0.488825 0.168339
325 0.010391 1.319905 2.876326 0.989609 0.512986 0.322665
326 0.010391 1.319905 2.876326 0.989609 0.495394 0.246498
327 0.010391 1.319905 2.876326 0.989609 0.503583 0.409608
328 0.010391 1.319905 2.876326 0.989609 0.500298 0.183611
329 0.010391 1.319905 2.876326 0.989609 0.492353 0.306690
330 0.010391 1.319905 2.876326 0.989609 0.505922 0.287988
331 0.010391 1.319905 2.876326 0.989609 0.505094 0.308532
332 0.010391 1.319905 2.876326 0.989609 0.503757 0.232684
333 0.010391 1.319905 2.876326 0.989609 0.521399 0.335305
334 0.010391 1.319905 2.876326 0.989609 0.495515 0.165552
335 0.010391 1.319905 2.876326 0.989609 0.514586 0.386204
336 0.010391 1.319905 2.876326 0.989609 0.502386 0.322274
337 0.010391 1.319905 2.876326 0.989609 0.509036 0.352605
338 0.010391 1.319905 2.876326 0.989609 0.500511 0.245904
339 0.010391 1.319905 2.876326 0.989609 0.514347 0.273959
340 0.010391 1.319905 2.876326 0.989609 0.510640 0.295817
341 0.010391 1.319905 2.876326 0.989609 0.500243 0.107884
342 0.010391 1.319905 2.876326 0.989609 0.489091 0.210821
343 0.010391 1.319905 2.876326 0.989609 0.504361 0.102120
344 0.010391 1.319905 2.876326 0.989609 0.509668 0.303682
345 0.010391 1.319905 2.876326 0.989609 0.488922 0.155005
346 0.010391 1.319905 2.876326 0.989609 0.505946 0.365576
347 0.010391 1.319905 2.876326 0.989609 0.505725 0.269788
348 0.010391 1.319905 2.876326 0.989609 0.490410 0.038597
349 0.010391 1.319905 2.876326 0.989609 0.511162 0.375502
350 0.010391 1.319905 2.876326 0.989609 0.491024 0.059602
351 0.010391 1.319905 2.876326 0.989609 0.486809 0.056977
352 0.010391 1.319905 2.876326 0.989609 0.487979 0.153344
353 0.010391 1.319905 2.876326 0.989609 0.491715 0.088027
354 0.010391 1.319905 2.876326 0.989609 0.492100 0.107446
355 0.010391 1.319905 2.876326 0.989609 0.492671 0.119687
356 0.010391 1.319905 2.876326 0.989609 0.502923 0.324651
357 0.010391 1.319905 2.876326 0.989609 0.506129 0.212505
358 0.010391 1.319905 2.876326 0.989609 0.500816 0.218606
359 0.010391 1.319905 2.876326 0.989609 0.506489 0.119325
360 0.010391 1.319905 2.876326 0.989609 0.508365 0.186368
361 0.010391 1.319905 2.876326 0.989609 0.505707 0.293202
362 0.010391 1.319905 2.876326 0.989609 0.511194 0.362058
363 0.010391 1.319905 2.876326 0.989609 0.492440 0.195774
364 0.010391 1.319905 2.876326 0.989609 0.500207 0.306724
365 0.010391 1.319905 2.876326 0.989609 0.504287 0.256347
366 0.010391 1.319905 2.876326 0.989609 0.479012 0.068306
367 0.010391 1.319905 2.876326 0.989609 0.493218 0.149564
368 0.010391 1.319905 2.876326 0.989609 0.505360 0.284808
369 0.010391 1.319905 2.876326 0.989609 0.503802 0.156836
370 0.010391 1.319905 2.876326 0.989609 0.504362 0.156409
371 0.010391 1.319905 2.876326 0.989609 0.497161 0.302018
372 0.010391 1.319905 2.876326 0.989609 0.503705 0.250648
373 0.010391 1.319905 2.876326 0.989609 0.504384 0.366504
374 0.010391 1.319905 2.876326 0.989609 0.497749 0.102047
375 0.010391 1.319905 2.876326 0.989609 0.504361 0.321948
376 0.010391 1.319905 2.876326 0.989609 0.488975 0.253475
377 0.010391 1.319905 2.876326 0.989609 0.504262 0.313343
378 0.010391 1.319905 2.876326 0.989609 0.501502 0.154062
379 0.010391 1.319905 2.876326 0.989609 0.501952 0.057335
380 0.010391 1.319905 2.876326 0.989609 0.495382 0.180856
381 0.010391 1.319905 2.876326 0.989609 0.505396 0.333884
382 0.010391 1.319905 2.876326 0.989609 0.495881 0.062552
383 0.010391 1.319905 2.876326 0.989609 0.496378 0.251309
384 0.010391 1.319905 2.876326 0.989609 0.504419 0.373508
385 0.010391 1.319905 2.876326 0.989609 0.500262 0.236410
386 0.010391 1.319905 2.876326 0.989609 0.492618 0.057588
387 0.010391 1.319905 2.876326 0.989609 0.498464 0.345219
388 0.010391 1.319905 2.876326 0.989609 0.503998 0.257420
389 0.010391 1.319905 2.876326 0.989609 0.493668 0.202255
390 0.010391 1.319905 2.876326 0.989609 0.502234 0.414896
391 0.010391 1.319905 2.876326 0.989609 0.512155 0.320299
392 0.010391 1.319905 2.876326 0.989609 0.495731 0.231170
393 0.010391 1.319905 2.876326 0.989609 0.501871 0.304610
394 0.010391 1.319905 2.876326 0.989609 0.495405 0.203886
395 0.010391 1.319905 2.876326 0.989609 0.498765 0.293217
396 0.010391 1.319905 2.876326 0.989609 0.492615 0.088436
397 0.010391 1.319905 2.876326 0.989609 0.502125 0.251586
398 0.010391 1.319905 2.876326 0.989609 0.502104 0.227719
399 0.010391 1.319905 2.876326 0.989609 0.497847 0.105415
400 0.010391 1.319905 2.876326 0.989609 0.508882 0.411416
401 0.010391 1.319905 2.876326 0.989609 0.497099 0.124298
402 0.010391 1.319905 2.876326 0.989609 0.493948 0.029379
403 0.010391 1.319905 2.876326 0.989609 0.504412 0.362295
404 0.010391 1.319905 2.876326 0.989609 0.503953 0.206007
405 0.010391 1.319905 2.876326 0.989609 0.490954 0.153262
406 0.010391 1.319905 2.876326 0.989609 0.494803 0.092980
407 0.010391 1.319905 2.876326 0.989609 0.498984 0.227779
408 0.010391 1.319905 2.876326 0.989609 0.499499 0.056751
409 0.010391 1.319905 2.876326 0.989609 0.497500 0.223250
410 0.010391 1.319905 2.876326 0.989609 0.512314 0.152648
411 0.010391 1.319905 2.876326 0.989609 0.506964 0.164267
412 0.010391 1.319905 2.876326 0.989609 0.510913 0.293302
413 0.010391 1.319905 2.876326 0.989609 0.492082 0.006783
414 0.010391 1.319905 2.876326 0.989609 0.502712 0.301488
415 0.010391 1.319905 2.876326 0.989609 0.503063 0.306553
416 0.010391 1.319905 2.876326 0.989609 0.497098 0.320123
417 0.010391 1.319905 2.876326 0.989609 0.496184 0.058591
418 0.010391 1.319905 2.876326 0.989609 0.503711 0.337507
419 0.010391 1.319905 2.876326 0.989609 0.496671 0.336953
420 0.010391 1.319905 2.876326 0.989609 0.497685 0.216220
421 0.010391 1.319905 2.876326 0.989609 0.498985 0.154116
422 0.010391 1.319905 2.876326 0.989609 0.502083 0.351794
423 0.010391 1.319905 2.876326 0.989609 0.505908 0.397161
424 0.010391 1.319905 2.876326 0.989609 0.500879 0.243013
425 0.010391 1.319905 2.876326 0.989609 0.504961 0.288778
426 0.010391 1.319905 2.876326 0.989609 0.505577 0.384163
427 0.010391 1.319905 2.876326 0.989609 0.501278 0.177952
428 0.010391 1.319905 2.876326 0.989609 0.485626 0.003713
429 0.010391 1.319905 2.876326 0.989609 0.506636 0.323733
430 0.010391 1.319905 2.876326 0.989609 0.508972 0.414763
431 0.010391 1.319905 2.876326 0.989609 0.501268 0.260016
432 0.010391 1.319905 2.876326 0.989609 0.501652 0.164833
433 0.010391 1.319905 2.876326 0.989609 0.504193 0.153324
434 0.010391 1.319905 2.876326 0.989609 0.497800 0.057317
435 0.010391 1.319905 2.876326 0.989609 0.509344 0.424526
436 0.010391 1.319905 2.876326 0.989609 0.498897 0.341366
437 0.010391 1.319905 2.876326 0.989609 0.500200 0.108825
438 0.010391 1.319905 2.876326 0.989609 0.493249 0.039576
439 0.010391 1.319905 2.876326 0.989609 0.503133 0.335139
440 0.010391 1.319905 2.876326 0.989609 0.496010 0.203391
441 0.010391 1.319905 2.876326 0.989609 0.499813 0.207477
442 0.010391 1.319905 2.876326 0.989609 0.499907 0.097804
443 0.010391 1.319905 2.876326 0.989609 0.505423 0.256672
444 0.010391 1.319905 2.876326 0.989609 0.495348 0.301367
445 0.010391 1.319905 2.876326 0.989609 0.509839 0.265168
446 0.010391 1.319905 2.876326 0.989609 0.488046 0.032838
447 0.010391 1.319905 2.876326 0.989609 0.497177 0.104103
448 0.010391 1.319905 2.876326 0.989609 0.500280 0.192219
449 0.010391 1.319905 2.876326 0.989609 0.489378 0.057071
450 0.010391 1.319905 2.876326 0.989609 0.497410 0.280187
451 0.010391 1.319905 2.876326 0.989609 0.494745 0.017238
452 0.010391 1.319905 2.876326 0.989609 0.502421 0.098821
453 0.010391 1.319905 2.876326 0.989609 0.506049 0.372869
454 0.010391 1.319905 2.876326 0.989609 0.503180 0.357294
455 0.010391 1.319905 2.876326 0.989609 0.505054 0.242663
456 0.010391 1.319905 2.876326 0.989609 0.503904 0.161234
457 0.010391 1.319905 2.876326 0.989609 0.495363 0.250884
458 0.010391 1.319905 2.876326 0.989609 0.495550 0.220971
459 0.010391 1.319905 2.876326 0.989609 0.498589 0.097774
460 0.010391 1.319905 2.876326 0.989609 0.496810 0.164058
461 0.010391 1.319905 2.876326 0.989609 0.504130 0.025192
462 0.010391 1.319905 2.876326 0.989609 0.497633 0.209416
463 0.010391 1.319905 2.876326 0.989609 0.509750 0.360071
464 0.010391 1.319905 2.876326 0.989609 0.487464 0.126969
465 0.010391 1.319905 2.876326 0.989609 0.507232 0.307396
466 0.010391 1.319905 2.876326 0.989609 0.497100 0.204049
467 0.010391 1.319905 2.876326 0.989609 0.511175 0.360154
468 0.010391 1.319905 2.876326 0.989609 0.489675 0.187653
469 0.010391 1.319905 2.876326 0.989609 0.494924 0.045417
470 0.010391 1.319905 2.876326 0.989609 0.492066 0.150391
471 0.010391 1.319905 2.876326 0.989609 0.497081 0.221315
472 0.010391 1.319905 2.876326 0.989609 0.504246 0.211618
473 0.010391 1.319905 2.876326 0.989609 0.492806 0.148526
474 0.010391 1.319905 2.876326 0.989609 0.491826 0.138430
475 0.010391 1.319905 2.876326 0.989609 0.501048 0.102414
476 0.010391 1.319905 2.876326 0.989609 0.491678 0.108828
477 0.010391 1.319905 2.876326 0.989609 0.510553 0.364745
478 0.010391 1.319905 2.876326 0.989609 0.496478 0.209144
479 0.010391 1.319905 2.876326 0.989609 0.494432 0.265626
480 0.010391 1.319905 2.876326 0.989609 0.496730 0.130954
481 0.010391 1.319905 2.876326 0.989609 0.498536 0.306097
482 0.010391 1.319905 2.876326 0.989609 0.495855 0.056542
483 0.010391 1.319905 2.876326 0.989609 0.497891 0.096426
484 0.010391 1.319905 2.876326 0.989609 0.500740 0.125475
485 0.010391 1.319905 2.876326 0.989609 0.504526 0.307832
486 0.010391 1.319905 2.876326 0.989609 0.506440 0.275998
487 0.010391 1.319905 2.876326 0.989609 0.499377 0.272195
488 0.010391 1.319905 2.876326 0.989609 0.502017 0.341802
489 0.010391 1.319905 2.876326 0.989609 0.500815 0.307273
490 0.010391 1.319905 2.876326 0.989609 0.497702 0.189495
491 0.010391 1.319905 2.876326 0.989609 0.495152 0.089376
492 0.010391 1.319905 2.876326 0.989609 0.492995 0.048070
493 0.010391 1.319905 2.876326 0.989609 0.488129 0.021650
494 0.010391 1.319905 2.876326 0.989609 0.498337 0.104739
495 0.010391 1.319905 2.876326 0.989609 0.503147 0.216198
496 0.010391 1.319905 2.876326 0.989609 0.505395 0.260153
497 0.010391 1.319905 2.876326 0.989609 0.511782 0.348229
498 0.010391 1.319905 2.876326 0.989609 0.496213 0.252958
499 0.010391 1.319905 2.876326 0.989609 0.499591 0.340618
