Lp  F6        x1       x2        Ocena     Średni    Najgorszy
0 0.049764 1.188678 -3.123522 0.950236 0.513103 0.260618
1 0.049764 1.188678 -3.123522 0.950236 0.506271 0.334126
2 0.049764 1.188678 -3.123522 0.950236 0.503460 0.212720
3 0.049764 1.188678 -3.123522 0.950236 0.501553 0.250996
4 0.049764 1.188678 -3.123522 0.950236 0.509637 0.157622
5 0.049764 1.188678 -3.123522 0.950236 0.502557 0.401023
6 0.049764 1.188678 -3.123522 0.950236 0.496361 0.113540
7 0.049764 1.188678 -3.123522 0.950236 0.506244 0.174478
8 0.049764 1.188678 -3.123522 0.950236 0.496060 0.158521
9 0.049764 1.188678 -3.123522 0.950236 0.507622 0.119261
10 0.049764 1.188678 -3.123522 0.950236 0.494278 0.261664
11 0.049764 1.188678 -3.123522 0.950236 0.498892 0.338003
12 0.049764 1.188678 -3.123522 0.950236 0.495637 0.205268
13 0.049764 1.188678 -3.123522 0.950236 0.499313 0.118137
14 0.049764 1.188678 -3.123522 0.950236 0.504983 0.158185
15 0.049764 1.188678 -3.123522 0.950236 0.497452 0.291288
16 0.049764 1.188678 -3.123522 0.950236 0.503551 0.211427
17 0.049764 1.188678 -3.123522 0.950236 0.508246 0.355214
18 0.049764 1.188678 -3.123522 0.950236 0.493377 0.132924
19 0.049764 1.188678 -3.123522 0.950236 0.505143 0.296093
20 0.049764 1.188678 -3.123522 0.950236 0.492864 0.264646
21 0.049764 1.188678 -3.123522 0.950236 0.487917 0.025714
22 0.049764 1.188678 -3.123522 0.950236 0.490130 0.154289
23 0.049764 1.188678 -3.123522 0.950236 0.490252 0.110268
24 0.049764 1.188678 -3.123522 0.950236 0.499214 0.241369
25 0.049764 1.188678 -3.123522 0.950236 0.502127 0.105823
26 0.049764 1.188678 -3.123522 0.950236 0.502902 0.218556
27 0.049764 1.188678 -3.123522 0.950236 0.510658 0.278461
28 0.049764 1.188678 -3.123522 0.950236 0.506222 0.297000
29 0.049764 1.188678 -3.123522 0.950236 0.500445 0.284228
30 0.049764 1.188678 -3.123522 0.950236 0.495111 0.205889
31 0.049764 1.188678 -3.123522 0.950236 0.499551 0.103856
32 0.049764 1.188678 -3.123522 0.950236 0.504495 0.377669
33 0.049764 1.188678 -3.123522 0.950236 0.505914 0.297031
34 0.049764 1.188678 -3.123522 0.950236 0.494260 0.060069
35 0.049764 1.188678 -3.123522 0.950236 0.504104 0.204060
36 0.049764 1.188678 -3.123522 0.950236 0.514847 0.367203
37 0.049764 1.188678 -3.123522 0.950236 0.490579 0.052052
38 0.049764 1.188678 -3.123522 0.950236 0.504227 0.306673
39 0.049764 1.188678 -3.123522 0.950236 0.509862 0.263628
40 0.049764 1.188678 -3.123522 0.950236 0.495068 0.098947
41 0.049764 1.188678 -3.123522 0.950236 0.492969 0.062756
42 0.049764 1.188678 -3.123522 0.950236 0.495830 0.103634
43 0.049764 1.188678 -3.123522 0.950236 0.501671 0.297957
44 0.049764 1.188678 -3.123522 0.950236 0.498108 0.211163
45 0.049764 1.188678 -3.123522 0.950236 0.503922 0.197869
46 0.010131 1.188678 2.882429 0.989869 0.505241 0.296565
47 0.010131 1.188678 2.882429 0.989869 0.507834 0.218681
48 0.010131 1.188678 2.882429 0.989869 0.503861 0.293746
49 0.010131 1.188678 2.882429 0.989869 0.498310 0.260790
50 0.010131 1.188678 2.882429 0.989869 0.498913 0.181721
51 0.010131 1.188678 2.882429 0.989869 0.494244 0.264347
52 0.010131 1.188678 2.882429 0.989869 0.513120 0.213307
53 0.010131 1.188678 2.882429 0.989869 0.493408 0.301432
54 0.010131 1.188678 2.882429 0.989869 0.500939 0.335547
55 0.010131 1.188678 2.882429 0.989869 0.494824 0.008946
56 0.010131 1.188678 2.882429 0.989869 0.489778 0.057122
57 0.010131 1.188678 2.882429 0.989869 0.492718 0.225645
58 0.010131 1.188678 2.882429 0.989869 0.501608 0.025536
59 0.010131 1.188678 2.882429 0.989869 0.495053 0.265399
60 0.010131 1.188678 2.882429 0.989869 0.500099 0.139975
61 0.010131 1.188678 2.882429 0.989869 0.506803 0.251834
62 0.010131 1.188678 2.882429 0.989869 0.500477 0.208872
63 0.010131 1.188678 2.882429 0.989869 0.495910 0.010269
64 0.010131 1.188678 2.882429 0.989869 0.508206 0.406064
65 0.010131 1.188678 2.882429 0.989869 0.510526 0.240453
66 0.010131 1.188678 2.882429 0.989869 0.492517 0.166605
67 0.010131 1.188678 2.882429 0.989869 0.499314 0.102034
68 0.010131 1.188678 2.882429 0.989869 0.496959 0.101970
69 0.010131 1.188678 2.882429 0.989869 0.508919 0.415989
70 0.010131 1.188678 2.882429 0.989869 0.494206 0.101975
71 0.010131 1.188678 2.882429 0.989869 0.496163 0.226469
72 0.010131 1.188678 2.882429 0.989869 0.499539 0.294290
73 0.010131 1.188678 2.882429 0.989869 0.496130 0.164174
74 0.010131 1.188678 2.882429 0.989869 0.508129 0.324156
75 0.010131 1.188678 2.882429 0.989869 0.496057 0.206943
76 0.010131 1.188678 2.882429 0.989869 0.499076 0.212385
77 0.010131 1.188678 2.882429 0.989869 0.506776 0.301534
78 0.010131 1.188678 2.882429 0.989869 0.505234 0.294030
79 0.010131 1.188678 2.882429 0.989869 0.499975 0.004041
80 0.010131 1.188678 2.882429 0.989869 0.497455 0.366377
81 0.010131 1.188678 2.882429 0.989869 0.496553 0.182714
82 0.010131 1.188678 2.882429 0.989869 0.497651 0.227963
83 0.010131 1.188678 2.882429 0.989869 0.494041 0.324593
84 0.010131 1.188678 2.882429 0.989869 0.496714 0.003935
85 0.010131 1.188678 2.882429 0.989869 0.490907 0.136841
86 0.010131 1.188678 2.882429 0.989869 0.499292 0.182838
87 0.010131 1.188678 2.882429 0.989869 0.484347 0.158093
88 0.010131 1.188678 2.882429 0.989869 0.488949 0.210941
89 0.010131 1.188678 2.882429 0.989869 0.505155 0.217074
90 0.010131 1.188678 2.882429 0.989869 0.500964 0.116111
91 0.010131 1.188678 2.882429 0.989869 0.498831 0.263326
92 0.010131 1.188678 2.882429 0.989869 0.498042 0.219631
93 0.010131 1.188678 2.882429 0.989869 0.501246 0.309246
94 0.010131 1.188678 2.882429 0.989869 0.495071 0.157265
95 0.010131 1.188678 2.882429 0.989869 0.500618 0.274426
96 0.010131 1.188678 2.882429 0.989869 0.504946 0.346594
97 0.010131 1.188678 2.882429 0.989869 0.496855 0.085750
98 0.010131 1.188678 2.882429 0.989869 0.487313 0.262714
99 0.010131 1.188678 2.882429 0.989869 0.512390 0.302012
100 0.010131 1.188678 2.882429 0.989869 0.509161 0.181694
101 0.010131 1.188678 2.882429 0.989869 0.494058 0.251251
102 0.010131 1.188678 2.882429 0.989869 0.497853 0.316744
103 0.010131 1.188678 2.882429 0.989869 0.493273 0.147786
104 0.010131 1.188678 2.882429 0.989869 0.502274 0.380114
105 0.010131 1.188678 2.882429 0.989869 0.506966 0.132094
106 0.010131 1.188678 2.882429 0.989869 0.492271 0.112196
107 0.010131 1.188678 2.882429 0.989869 0.506250 0.274435
108 0.010131 1.188678 2.882429 0.989869 0.506336 0.270041
109 0.010131 1.188678 2.882429 0.989869 0.486306 0.125492
110 0.010131 1.188678 2.882429 0.989869 0.497390 0.222341
111 0.010131 1.188678 2.882429 0.989869 0.504722 0.063321
112 0.010131 1.188678 2.882429 0.989869 0.494998 0.148056
113 0.010131 1.188678 2.882429 0.989869 0.498618 0.073012
114 0.010131 1.188678 2.882429 0.989869 0.494201 0.063577
115 0.010131 1.188678 2.882429 0.989869 0.500426 0.035214
116 0.010131 1.188678 2.882429 0.989869 0.500962 0.153105
117 0.010131 1.188678 2.882429 0.989869 0.494074 0.297068
118 0.010131 1.188678 2.882429 0.989869 0.506424 0.206447
119 0.010131 1.188678 2.882429 0.989869 0.506549 0.318658
120 0.010131 1.188678 2.882429 0.989869 0.505476 0.169628
121 0.010131 1.188678 2.882429 0.989869 0.503489 0.326980
122 0.010131 1.188678 2.882429 0.989869 0.503872 0.212762
123 0.010131 1.188678 2.882429 0.989869 0.503905 0.132992
124 0.010131 1.188678 2.882429 0.989869 0.499421 0.235503
125 0.010131 1.188678 2.882429 0.989869 0.502413 0.262532
126 0.010131 1.188678 2.882429 0.989869 0.496473 0.071881
127 0.010131 1.188678 2.882429 0.989869 0.508081 0.158670
128 0.010131 1.188678 2.882429 0.989869 0.492270 0.290674
129 0.010131 1.188678 2.882429 0.989869 0.503908 0.272851
130 0.010131 1.188678 2.882429 0.989869 0.508139 0.456851
131 0.010131 1.188678 2.882429 0.989869 0.487710 0.009931
132 0.010131 1.188678 2.882429 0.989869 0.493707 0.264480
133 0.010131 1.188678 2.882429 0.989869 0.508393 0.405910
134 0.010131 1.188678 2.882429 0.989869 0.497827 0.221523
135 0.010131 1.188678 2.882429 0.989869 0.501269 0.259507
136 0.010131 1.188678 2.882429 0.989869 0.500135 0.223844
137 0.010131 1.188678 2.882429 0.989869 0.498768 0.162315
138 0.010131 1.188678 2.882429 0.989869 0.503395 0.408896
139 0.010131 1.188678 2.882429 0.989869 0.495861 0.347584
140 0.010131 1.188678 2.882429 0.989869 0.509970 0.327763
141 0.010131 1.188678 2.882429 0.989869 0.498472 0.205425
142 0.010131 1.188678 2.882429 0.989869 0.515031 0.329662
143 0.010131 1.188678 2.882429 0.989869 0.498444 0.097971
144 0.010131 1.188678 2.882429 0.989869 0.511553 0.386803
145 0.010131 1.188678 2.882429 0.989869 0.501863 0.021602
146 0.010131 1.188678 2.882429 0.989869 0.499189 0.156215
147 0.010131 1.188678 2.882429 0.989869 0.496206 0.103300
148 0.010131 1.188678 2.882429 0.989869 0.497890 0.192109
149 0.010131 1.188678 2.882429 0.989869 0.499665 0.110112
150 0.010131 1.188678 2.882429 0.989869 0.501693 0.206860
151 0.010131 1.188678 2.882429 0.989869 0.513675 0.379900
152 0.010131 1.188678 2.882429 0.989869 0.494240 0.156394
153 0.010131 1.188678 2.882429 0.989869 0.487373 0.066819
154 0.010131 1.188678 2.882429 0.989869 0.495702 0.189784
155 0.010131 1.188678 2.882429 0.989869 0.498993 0.206986
156 0.010131 1.188678 2.882429 0.989869 0.497553 0.182465
157 0.010131 1.188678 2.882429 0.989869 0.507797 0.120233
158 0.010131 1.188678 2.882429 0.989869 0.500521 0.209889
159 0.010131 1.188678 2.882429 0.989869 0.508647 0.363881
160 0.010131 1.188678 2.882429 0.989869 0.498309 0.203443
161 0.010131 1.188678 2.882429 0.989869 0.509701 0.410858
162 0.010131 1.188678 2.882429 0.989869 0.498737 0.278382
163 0.010131 1.188678 2.882429 0.989869 0.501995 0.107340
164 0.010131 1.188678 2.882429 0.989869 0.492002 0.252865
165 0.010131 1.188678 2.882429 0.989869 0.506053 0.296212
166 0.010131 1.188678 2.882429 0.989869 0.495615 0.160237
167 0.010131 1.188678 2.882429 0.989869 0.488671 0.040112
168 0.010131 1.188678 2.882429 0.989869 0.507181 0.354506
169 0.010131 1.188678 2.882429 0.989869 0.500723 0.214308
170 0.010131 1.188678 2.882429 0.989869 0.498739 0.050154
171 0.010131 1.188678 2.882429 0.989869 0.505930 0.386884
172 0.010131 1.188678 2.882429 0.989869 0.501215 0.220548
173 0.010131 1.188678 2.882429 0.989869 0.493322 0.087365
174 0.010131 1.188678 2.882429 0.989869 0.498014 0.410217
175 0.010131 1.188678 2.882429 0.989869 0.490538 0.027416
176 0.010131 1.188678 2.882429 0.989869 0.499793 0.329748
177 0.010131 1.188678 2.882429 0.989869 0.498144 0.356438
178 0.010131 1.188678 2.882429 0.989869 0.493206 0.103449
179 0.010131 1.188678 2.882429 0.989869 0.496728 0.191980
180 0.010131 1.188678 2.882429 0.989869 0.515255 0.254192
181 0.010131 1.188678 2.882429 0.989869 0.487576 0.048875
182 0.010131 1.188678 2.882429 0.989869 0.504757 0.056468
183 0.010131 1.188678 2.882429 0.989869 0.500889 0.289447
184 0.010131 1.188678 2.882429 0.989869 0.511331 0.362251
185 0.010131 1.188678 2.882429 0.989869 0.496635 0.201575
186 0.010131 1.188678 2.882429 0.989869 0.505304 0.258168
187 0.010131 1.188678 2.882429 0.989869 0.502260 0.280472
188 0.010131 1.188678 2.882429 0.989869 0.516224 0.358076
189 0.010131 1.188678 2.882429 0.989869 0.497279 0.204556
190 0.010131 1.188678 2.882429 0.989869 0.507057 0.300454
191 0.010131 1.188678 2.882429 0.989869 0.499686 0.273591
192 0.010131 1.188678 2.882429 0.989869 0.503030 0.329546
193 0.010131 1.188678 2.882429 0.989869 0.510296 0.298652
194 0.010131 1.188678 2.882429 0.989869 0.511736 0.249283
195 0.010131 1.188678 2.882429 0.989869 0.500426 0.126120
196 0.010131 1.188678 2.882429 0.989869 0.492828 0.191356
197 0.010131 1.188678 2.882429 0.989869 0.501447 0.275780
198 0.010131 1.188678 2.882429 0.989869 0.488307 0.085064
199 0.010131 1.188678 2.882429 0.989869 0.493008 0.296261
200 0.010131 1.188678 2.882429 0.989869 0.494441 0.203734
201 0.010131 1.188678 2.882429 0.989869 0.503151 0.344530
202 0.010131 1.188678 2.882429 0.989869 0.505223 0.371557
203 0.010131 1.188678 2.882429 0.989869 0.496613 0.361020
204 0.010131 1.188678 2.882429 0.989869 0.501703 0.295582
205 0.010131 1.188678 2.882429 0.989869 0.498374 0.150519
206 0.010131 1.188678 2.882429 0.989869 0.502969 0.215750
207 0.010131 1.188678 2.882429 0.989869 0.504988 0.385618
208 0.010131 1.188678 2.882429 0.989869 0.509127 0.361512
209 0.010131 1.188678 2.882429 0.989869 0.501873 0.254705
210 0.010131 1.188678 2.882429 0.989869 0.496564 0.167642
211 0.010131 1.188678 2.882429 0.989869 0.487263 0.071632
212 0.010131 1.188678 2.882429 0.989869 0.494334 0.111511
213 0.010131 1.188678 2.882429 0.989869 0.511369 0.380030
214 0.010131 1.188678 2.882429 0.989869 0.499979 0.176884
215 0.010131 1.188678 2.882429 0.989869 0.486748 0.121147
216 0.010131 1.188678 2.882429 0.989869 0.513007 0.369263
217 0.010131 1.188678 2.882429 0.989869 0.509190 0.392202
218 0.010131 1.188678 2.882429 0.989869 0.490370 0.086262
219 0.010131 1.188678 2.882429 0.989869 0.495283 0.030939
220 0.010131 1.188678 2.882429 0.989869 0.498754 0.207201
221 0.010131 1.188678 2.882429 0.989869 0.509288 0.176154
222 0.010131 1.188678 2.882429 0.989869 0.505093 0.305858
223 0.010131 1.188678 2.882429 0.989869 0.504217 0.210701
224 0.010131 1.188678 2.882429 0.989869 0.506690 0.344628
225 0.010131 1.188678 2.882429 0.989869 0.496097 0.171572
226 0.010131 1.188678 2.882429 0.989869 0.493820 0.217115
227 0.010131 1.188678 2.882429 0.989869 0.498889 0.278680
228 0.009855 -2.482643 -1.939422 0.990145 0.498969 0.157275
229 0.009855 -2.482643 -1.939422 0.990145 0.492777 0.241276
230 0.009855 -2.482643 -1.939422 0.990145 0.494251 0.223438
231 0.009855 -2.482643 -1.939422 0.990145 0.501801 0.228897
232 0.009855 -2.482643 -1.939422 0.990145 0.504897 0.032342
233 0.009855 -2.482643 -1.939422 0.990145 0.502741 0.207145
234 0.009855 -2.482643 -1.939422 0.990145 0.487362 0.251539
235 0.009855 -2.482643 -1.939422 0.990145 0.500424 0.203307
236 0.009855 -2.482643 -1.939422 0.990145 0.496925 0.228655
237 0.009855 -2.482643 -1.939422 0.990145 0.493002 0.073632
238 0.009855 -2.482643 -1.939422 0.990145 0.508681 0.244414
239 0.009855 -2.482643 -1.939422 0.990145 0.503340 0.316639
240 0.009855 -2.482643 -1.939422 0.990145 0.497487 0.210678
241 0.009855 -2.482643 -1.939422 0.990145 0.505224 0.204633
242 0.009855 -2.482643 -1.939422 0.990145 0.496153 0.189517
243 0.009855 -2.482643 -1.939422 0.990145 0.491397 0.085075
244 0.009855 -2.482643 -1.939422 0.990145 0.499808 0.332529
245 0.009855 -2.482643 -1.939422 0.990145 0.492070 0.232516
246 0.009855 -2.482643 -1.939422 0.990145 0.501631 0.210627
247 0.009855 -2.482643 -1.939422 0.990145 0.506641 0.252919
248 0.009855 -2.482643 -1.939422 0.990145 0.493278 0.185803
249 0.009855 -2.482643 -1.939422 0.990145 0.499476 0.086551
250 0.009855 -2.482643 -1.939422 0.990145 0.502577 0.266131
251 0.009855 -2.482643 -1.939422 0.990145 0.499433 0.162376
252 0.009855 -2.482643 -1.939422 0.990145 0.485719 0.021478
253 0.009855 -2.482643 -1.939422 0.990145 0.502462 0.265601
254 0.009855 -2.482643 -1.939422 0.990145 0.496293 0.180442
255 0.009855 -2.482643 -1.939422 0.990145 0.499719 0.260492
256 0.009855 -2.482643 -1.939422 0.990145 0.510767 0.428735
257 0.009855 -2.482643 -1.939422 0.990145 0.504806 0.166585
258 0.009855 -2.482643 -1.939422 0.990145 0.492871 0.102624
259 0.009855 -2.482643 -1.939422 0.990145 0.496559 0.203913
260 0.009855 -2.482643 -1.939422 0.990145 0.489443 0.197531
261 0.009855 -2.482643 -1.939422 0.990145 0.501063 0.258064
262 0.009855 -2.482643 -1.939422 0.990145 0.477236 0.049992
263 0.009855 -2.482643 -1.939422 0.990145 0.501607 0.225852
264 0.009855 -2.482643 -1.939422 0.990145 0.504666 0.067797
265 0.009855 -2.482643 -1.939422 0.990145 0.496398 0.067119
266 0.009855 -2.482643 -1.939422 0.990145 0.494425 0.199952
267 0.009855 -2.482643 -1.939422 0.990145 0.489317 0.040332
268 0.009855 -2.482643 -1.939422 0.990145 0.498896 0.148698
269 0.009855 -2.482643 -1.939422 0.990145 0.495897 0.200877
270 0.009855 -2.482643 -1.939422 0.990145 0.502112 0.347892
271 0.009855 -2.482643 -1.939422 0.990145 0.497646 0.237485
272 0.009855 -2.482643 -1.939422 0.990145 0.510142 0.339114
273 0.009855 -2.482643 -1.939422 0.990145 0.498193 0.252879
274 0.009855 -2.482643 -1.939422 0.990145 0.502644 0.202746
275 0.009855 -2.482643 -1.939422 0.990145 0.494863 0.251244
276 0.009855 -2.482643 -1.939422 0.990145 0.510626 0.389143
277 0.009855 -2.482643 -1.939422 0.990145 0.491522 0.102572
278 0.009855 -2.482643 -1.939422 0.990145 0.489874 0.233360
279 0.009855 -2.482643 -1.939422 0.990145 0.495268 0.108382
280 0.009855 -2.482643 -1.939422 0.990145 0.499295 0.331600
281 0.009855 -2.482643 -1.939422 0.990145 0.500835 0.153116
282 0.009855 -2.482643 -1.939422 0.990145 0.502450 0.294615
283 0.009855 -2.482643 -1.939422 0.990145 0.506227 0.065113
284 0.009855 -2.482643 -1.939422 0.990145 0.496112 0.153068
285 0.009855 -2.482643 -1.939422 0.990145 0.498549 0.331991
286 0.009855 -2.482643 -1.939422 0.990145 0.498601 0.103127
287 0.009855 -2.482643 -1.939422 0.990145 0.497157 0.204627
288 0.009855 -2.482643 -1.939422 0.990145 0.499274 0.103091
289 0.009855 -2.482643 -1.939422 0.990145 0.493925 0.247183
290 0.009855 -2.482643 -1.939422 0.990145 0.492564 0.150505
291 0.009855 -2.482643 -1.939422 0.990145 0.497330 0.216506
292 0.009855 -2.482643 -1.939422 0.990145 0.499084 0.057600
293 0.009855 -2.482643 -1.939422 0.990145 0.491267 0.224551
294 0.009855 -2.482643 -1.939422 0.990145 0.502677 0.377743
295 0.009855 -2.482643 -1.939422 0.990145 0.501928 0.314003
296 0.009855 -2.482643 -1.939422 0.990145 0.499503 0.299957
297 0.009855 -2.482643 -1.939422 0.990145 0.502111 0.262333
298 0.009855 -2.482643 -1.939422 0.990145 0.512130 0.395619
299 0.009855 -2.482643 -1.939422 0.990145 0.497767 0.110240
300 0.009855 -2.482643 -1.939422 0.990145 0.507214 0.339523
301 0.009855 -2.482643 -1.939422 0.990145 0.491186 0.123956
302 0.009855 -2.482643 -1.939422 0.990145 0.502846 0.220271
303 0.009855 -2.482643 -1.939422 0.990145 0.500019 0.221706
304 0.009855 -2.482643 -1.939422 0.990145 0.497251 0.058079
305 0.009855 -2.482643 -1.939422 0.990145 0.497576 0.221752
306 0.009855 -2.482643 -1.939422 0.990145 0.498064 0.204615
307 0.009855 -2.482643 -1.939422 0.990145 0.508260 0.433568
308 0.009855 -2.482643 -1.939422 0.990145 0.501878 0.203523
309 0.009855 -2.482643 -1.939422 0.990145 0.500814 0.252293
310 0.009855 -2.482643 -1.939422 0.990145 0.498011 0.107222
311 0.009855 -2.482643 -1.939422 0.990145 0.506693 0.286555
312 0.009855 -2.482643 -1.939422 0.990145 0.495790 0.252784
313 0.009855 -2.482643 -1.939422 0.990145 0.504451 0.391259
314 0.009855 -2.482643 -1.939422 0.990145 0.500812 0.332140
315 0.009855 -2.482643 -1.939422 0.990145 0.497616 0.329007
316 0.009855 -2.482643 -1.939422 0.990145 0.498505 0.152616
317 0.009855 -2.482643 -1.939422 0.990145 0.504112 0.276980
318 0.009855 -2.482643 -1.939422 0.990145 0.502674 0.365909
319 0.009855 -2.482643 -1.939422 0.990145 0.502047 0.163845
320 0.009855 -2.482643 -1.939422 0.990145 0.518028 0.362227
321 0.009855 -2.482643 -1.939422 0.990145 0.494662 0.072295
322 0.009855 -2.482643 -1.939422 0.990145 0.484295 0.061920
323 0.009855 -2.482643 -1.939422 0.990145 0.497832 0.266554
324 0.009855 -2.482643 -1.939422 0.990145 0.483097 0.163595
325 0.009855 -2.482643 -1.939422 0.990145 0.497616 0.101970
326 0.009855 -2.482643 -1.939422 0.990145 0.500125 0.385146
327 0.009855 -2.482643 -1.939422 0.990145 0.492923 0.060809
328 0.009855 -2.482643 -1.939422 0.990145 0.500428 0.152641
329 0.009855 -2.482643 -1.939422 0.990145 0.497267 0.092563
330 0.009855 -2.482643 -1.939422 0.990145 0.494219 0.206615
331 0.009855 -2.482643 -1.939422 0.990145 0.502471 0.038713
332 0.009855 -2.482643 -1.939422 0.990145 0.506472 0.126777
333 0.009855 -2.482643 -1.939422 0.990145 0.494205 0.069157
334 0.009855 -2.482643 -1.939422 0.990145 0.501205 0.257398
335 0.009855 -2.482643 -1.939422 0.990145 0.489498 0.152421
336 0.009855 -2.482643 -1.939422 0.990145 0.512071 0.345992
337 0.009855 -2.482643 -1.939422 0.990145 0.498355 0.114651
338 0.009855 -2.482643 -1.939422 0.990145 0.508593 0.237185
339 0.009855 -2.482643 -1.939422 0.990145 0.504057 0.326074
340 0.009855 -2.482643 -1.939422 0.990145 0.504132 0.206381
341 0.009855 -2.482643 -1.939422 0.990145 0.503895 0.401415
342 0.009855 -2.482643 -1.939422 0.990145 0.501449 0.176684
343 0.009855 -2.482643 -1.939422 0.990145 0.500302 0.320422
344 0.009855 -2.482643 -1.939422 0.990145 0.502799 0.212288
345 0.009855 -2.482643 -1.939422 0.990145 0.493229 0.267206
346 0.009855 -2.482643 -1.939422 0.990145 0.499103 0.205165
347 0.009855 -2.482643 -1.939422 0.990145 0.499448 0.293313
348 0.009855 -2.482643 -1.939422 0.990145 0.501812 0.334815
349 0.009855 -2.482643 -1.939422 0.990145 0.505118 0.110564
350 0.009855 -2.482643 -1.939422 0.990145 0.508913 0.276375
351 0.009855 -2.482643 -1.939422 0.990145 0.502745 0.330317
352 0.009855 -2.482643 -1.939422 0.990145 0.504819 0.336892
353 0.009855 -2.482643 -1.939422 0.990145 0.499399 0.250886
354 0.009855 -2.482643 -1.939422 0.990145 0.496471 0.153154
355 0.009855 -2.482643 -1.939422 0.990145 0.491350 0.342663
356 0.009855 -2.482643 -1.939422 0.990145 0.504817 0.003001
357 0.009855 -2.482643 -1.939422 0.990145 0.494486 0.115216
358 0.009855 -2.482643 -1.939422 0.990145 0.493784 0.147281
359 0.009855 -2.482643 -1.939422 0.990145 0.500557 0.041048
360 0.009855 -2.482643 -1.939422 0.990145 0.497462 0.128696
361 0.009855 -2.482643 -1.939422 0.990145 0.503478 0.198934
362 0.009855 -2.482643 -1.939422 0.990145 0.487876 0.057931
363 0.009855 -2.482643 -1.939422 0.990145 0.493223 0.057702
364 0.009855 -2.482643 -1.939422 0.990145 0.502724 0.295085
365 0.009855 -2.482643 -1.939422 0.990145 0.504406 0.381858
366 0.009855 -2.482643 -1.939422 0.990145 0.508138 0.267268
367 0.009855 -2.482643 -1.939422 0.990145 0.492940 0.198645
368 0.009855 -2.482643 -1.939422 0.990145 0.498426 0.406256
369 0.009855 -2.482643 -1.939422 0.990145 0.505712 0.102789
370 0.009855 -2.482643 -1.939422 0.990145 0.504567 0.273939
371 0.009855 -2.482643 -1.939422 0.990145 0.491733 0.155427
372 0.009855 -2.482643 -1.939422 0.990145 0.499352 0.062271
373 0.009855 -2.482643 -1.939422 0.990145 0.495413 0.211774
374 0.009855 -2.482643 -1.939422 0.990145 0.505288 0.407044
375 0.009855 -2.482643 -1.939422 0.990145 0.497053 0.022074
376 0.009855 -2.482643 -1.939422 0.990145 0.486206 0.103334
377 0.009855 -2.482643 -1.939422 0.990145 0.501385 0.270880
378 0.009855 -2.482643 -1.939422 0.990145 0.511669 0.319239
379 0.009855 -2.482643 -1.939422 0.990145 0.490198 0.032130
380 0.009855 -2.482643 -1.939422 0.990145 0.499592 0.078177
381 0.009855 -2.482643 -1.939422 0.990145 0.501841 0.326696
382 0.009855 -2.482643 -1.939422 0.990145 0.505045 0.162920
383 0.009855 -2.482643 -1.939422 0.990145 0.505962 0.422968
384 0.009855 -2.482643 -1.939422 0.990145 0.505833 0.346991
385 0.009855 -2.482643 -1.939422 0.990145 0.488126 0.153445
386 0.009855 -2.482643 -1.939422 0.990145 0.510965 0.357470
387 0.009855 -2.482643 -1.939422 0.990145 0.500152 0.203383
388 0.009855 -2.482643 -1.939422 0.990145 0.500252 0.322178
389 0.009855 -2.482643 -1.939422 0.990145 0.511173 0.200401
390 0.009855 -2.482643 -1.939422 0.990145 0.505994 0.323307
391 0.009855 -2.482643 -1.939422 0.990145 0.504620 0.281816
392 0.009855 -2.482643 -1.939422 0.990145 0.507423 0.400496
393 0.009855 -2.482643 -1.939422 0.990145 0.503695 0.256489
394 0.009855 -2.482643 -1.939422 0.990145 0.507525 0.331460
395 0.009855 -2.482643 -1.939422 0.990145 0.496420 0.021489
396 0.009855 -2.482643 -1.939422 0.990145 0.512760 0.396451
397 0.009855 -2.482643 -1.939422 0.990145 0.501611 0.385502
398 0.009855 -2.482643 -1.939422 0.990145 0.504304 0.300957
399 0.009758 3.099107 -0.535592 0.990242 0.501304 0.175522
400 0.009758 3.099107 -0.535592 0.990242 0.502832 0.327589
401 0.009758 3.099107 -0.535592 0.990242 0.509157 0.301474
402 0.009758 3.099107 -0.535592 0.990242 0.491374 0.229982
403 0.009758 3.099107 -0.535592 0.990242 0.504354 0.273862
404 0.009758 3.099107 -0.535592 0.990242 0.510944 0.233948
405 0.009758 3.099107 -0.535592 0.990242 0.505066 0.309130
406 0.009758 3.099107 -0.535592 0.990242 0.514554 0.305883
407 0.009758 3.099107 -0.535592 0.990242 0.490899 0.048469
408 0.009758 3.099107 -0.535592 0.990242 0.497153 0.216258
409 0.009758 3.099107 -0.535592 0.990242 0.481752 0.141055
410 0.009758 3.099107 -0.535592 0.990242 0.501056 0.121079
411 0.009758 3.099107 -0.535592 0.990242 0.498641 0.102003
412 0.009758 3.099107 -0.535592 0.990242 0.505230 0.251080
413 0.009758 3.099107 -0.535592 0.990242 0.500684 0.208356
414 0.009758 3.099107 -0.535592 0.990242 0.497925 0.141184
415 0.009758 3.099107 -0.535592 0.990242 0.510413 0.182214
416 0.009758 3.099107 -0.535592 0.990242 0.504589 0.248372
417 0.009758 3.099107 -0.535592 0.990242 0.501837 0.240991
418 0.009758 3.099107 -0.535592 0.990242 0.502274 0.325917
419 0.009758 3.099107 -0.535592 0.990242 0.502705 0.150213
420 0.009758 3.099107 -0.535592 0.990242 0.499141 0.153368
421 0.009758 3.099107 -0.535592 0.990242 0.493353 0.072875
422 0.009758 3.099107 -0.535592 0.990242 0.500447 0.213213
423 0.009758 3.099107 -0.535592 0.990242 0.496806 0.259404
424 0.009758 3.099107 -0.535592 0.990242 0.500989 0.331318
425 0.009758 3.099107 -0.535592 0.990242 0.491351 0.139724
426 0.009758 3.099107 -0.535592 0.990242 0.501882 0.312851
427 0.009758 3.099107 -0.535592 0.990242 0.500831 0.301751
428 0.009758 3.099107 -0.535592 0.990242 0.499471 0.305237
429 0.009758 3.099107 -0.535592 0.990242 0.497187 0.252096
430 0.009758 3.099107 -0.535592 0.990242 0.496568 0.323925
431 0.009758 3.099107 -0.535592 0.990242 0.502263 0.102164
432 0.009758 3.099107 -0.535592 0.990242 0.507798 0.360878
433 0.009758 3.099107 -0.535592 0.990242 0.501523 0.079818
434 0.009758 3.099107 -0.535592 0.990242 0.487220 0.163215
435 0.009758 3.099107 -0.535592 0.990242 0.499543 0.204011
436 0.009758 3.099107 -0.535592 0.990242 0.491817 0.211644
437 0.009758 3.099107 -0.535592 0.990242 0.508706 0.427445
438 0.009758 3.099107 -0.535592 0.990242 0.498733 0.232563
439 0.009758 3.099107 -0.535592 0.990242 0.497255 0.273140
440 0.009758 3.099107 -0.535592 0.990242 0.504640 0.205800
441 0.009758 3.099107 -0.535592 0.990242 0.488206 0.037984
442 0.009758 3.099107 -0.535592 0.990242 0.499351 0.106415
443 0.009758 3.099107 -0.535592 0.990242 0.499005 0.087507
444 0.009758 3.099107 -0.535592 0.990242 0.511720 0.369673
445 0.009758 3.099107 -0.535592 0.990242 0.511474 0.358380
446 0.009758 3.099107 -0.535592 0.990242 0.501794 0.178731
447 0.009758 3.099107 -0.535592 0.990242 0.494300 0.182670
448 0.009758 3.099107 -0.535592 0.990242 0.497320 0.360734
449 0.009758 3.099107 -0.535592 0.990242 0.505479 0.293200
450 0.009758 3.099107 -0.535592 0.990242 0.487731 0.059109
451 0.009758 3.099107 -0.535592 0.990242 0.497548 0.360600
452 0.009758 3.099107 -0.535592 0.990242 0.501917 0.373526
453 0.009758 3.099107 -0.535592 0.990242 0.500918 0.126820
454 0.009758 3.099107 -0.535592 0.990242 0.503748 0.250490
455 0.009758 3.099107 -0.535592 0.990242 0.504059 0.259199
456 0.009758 3.099107 -0.535592 0.990242 0.500676 0.264738
457 0.009758 3.099107 -0.535592 0.990242 0.497046 0.152002
458 0.009758 3.099107 -0.535592 0.990242 0.502378 0.274696
459 0.009758 3.099107 -0.535592 0.990242 0.499133 0.163305
460 0.009758 3.099107 -0.535592 0.990242 0.496156 0.109705
461 0.009758 3.099107 -0.535592 0.990242 0.497289 0.024188
462 0.009758 3.099107 -0.535592 0.990242 0.501989 0.115234
463 0.009758 3.099107 -0.535592 0.990242 0.509485 0.279181
464 0.009758 3.099107 -0.535592 0.990242 0.503719 0.244226
465 0.009758 3.099107 -0.535592 0.990242 0.501518 0.206931
466 0.009758 3.099107 -0.535592 0.990242 0.494624 0.163497
467 0.009758 3.099107 -0.535592 0.990242 0.502675 0.333488
468 0.009758 3.099107 -0.535592 0.990242 0.504894 0.387522
469 0.009758 3.099107 -0.535592 0.990242 0.504889 0.136853
470 0.009758 3.099107 -0.535592 0.990242 0.496024 0.238125
471 0.009758 3.099107 -0.535592 0.990242 0.508555 0.269613
472 0.009758 3.099107 -0.535592 0.990242 0.501373 0.312679
473 0.009758 3.099107 -0.535592 0.990242 0.499129 0.287280
474 0.009758 3.099107 -0.535592 0.990242 0.509810 0.068430
475 0.009758 3.099107 -0.535592 0.990242 0.494743 0.101998
476 0.009758 3.099107 -0.535592 0.990242 0.507172 0.082683
477 0.009758 3.099107 -0.535592 0.990242 0.479229 0.106650
478 0.009758 3.099107 -0.535592 0.990242 0.501786 0.281503
479 0.009758 3.099107 -0.535592 0.990242 0.492000 0.063958
480 0.009758 3.099107 -0.535592 0.990242 0.507213 0.343595
481 0.009758 3.099107 -0.535592 0.990242 0.490829 0.057278
482 0.009758 3.099107 -0.535592 0.990242 0.489934 0.028889
483 0.009758 3.099107 -0.535592 0.990242 0.507091 0.142522
484 0.009758 3.099107 -0.535592 0.990242 0.508643 0.175304
485 0.009758 3.099107 -0.535592 0.990242 0.502858 0.110543
486 0.009758 3.099107 -0.535592 0.990242 0.503901 0.118430
487 0.009758 3.099107 -0.535592 0.990242 0.495370 0.109576
488 0.009758 3.099107 -0.535592 0.990242 0.498816 0.209648
489 0.009758 3.099107 -0.535592 0.990242 0.502562 0.315343
490 0.009758 3.099107 -0.535592 0.990242 0.502356 0.335477
491 0.009758 3.099107 -0.535592 0.990242 0.515641 0.343646
492 0.009758 3.099107 -0.535592 0.990242 0.497628 0.180076
493 0.009758 3.099107 -0.535592 0.990242 0.505814 0.058654
494 0.009758 3.099107 -0.535592 0.990242 0.498117 0.313764
495 0.009758 3.099107 -0.535592 0.990242 0.496869 0.104645
496 0.009758 3.099107 -0.535592 0.990242 0.498239 0.140839
497 0.009758 3.099107 -0.535592 0.990242 0.491418 0.293359
498 0.009758 3.099107 -0.535592 0.990242 0.495364 0.330611
499 0.009758 3.099107 -0.535592 0.990242 0.504684 0.163217
