Lp  F6        x1       x2        Ocena     Średni    Najgorszy
0 0.012131 -3.050278 -0.486763 0.987869 0.505830 0.007720
1 0.011198 -3.050278 -0.889601 0.988802 0.510467 0.037471
2 0.011198 -3.050278 -0.889601 0.988802 0.525292 0.010674
3 0.010785 -3.044175 -0.889601 0.989215 0.518762 0.030646
4 0.010785 -3.044175 -0.889601 0.989215 0.501236 0.030347
5 0.010785 -3.044175 -0.889601 0.989215 0.526675 0.026872
6 0.010785 -3.044175 -0.889601 0.989215 0.509104 0.016861
7 0.010785 -3.044175 -0.889601 0.989215 0.526425 0.007930
8 0.010785 -3.044175 -0.889601 0.989215 0.507542 0.031929
9 0.010785 -3.044175 -0.889601 0.989215 0.515474 0.067685
10 0.010785 -3.044175 -0.889601 0.989215 0.529338 0.077295
11 0.010785 -3.044175 -0.889601 0.989215 0.532050 0.033590
12 0.010785 -3.044175 -0.889601 0.989215 0.482345 0.017519
13 0.010785 -3.044175 -0.889601 0.989215 0.524664 0.012403
14 0.010785 -3.044175 -0.889601 0.989215 0.557408 0.034342
15 0.010785 -3.044175 -0.889601 0.989215 0.503004 0.019707
16 0.010785 -3.044175 -0.889601 0.989215 0.509099 0.070643
17 0.009729 -3.083848 -0.602731 0.990271 0.538943 0.080103
18 0.009729 -3.083848 -0.602731 0.990271 0.528056 0.031232
19 0.009729 -3.083848 -0.602731 0.990271 0.517106 0.011828
20 0.009729 -3.083848 -0.602731 0.990271 0.533454 0.070723
21 0.009729 -3.083848 -0.602731 0.990271 0.553006 0.021554
22 0.009717 -3.108263 -0.440986 0.990283 0.513739 0.002696
23 0.009717 -3.108263 -0.440986 0.990283 0.504088 0.044954
24 0.009717 -3.108263 -0.440986 0.990283 0.529400 0.021616
25 0.009717 -3.108263 -0.440986 0.990283 0.526882 0.108795
26 0.009717 -3.108263 -0.440986 0.990283 0.524195 0.039768
27 0.009717 -3.108263 -0.440986 0.990283 0.508382 0.021473
28 0.009717 -3.108263 -0.440986 0.990283 0.534657 0.057412
29 0.009717 -3.108263 -0.440986 0.990283 0.491267 0.051345
30 0.009717 -3.108263 -0.440986 0.990283 0.519532 0.026811
31 0.009717 -3.108263 -0.440986 0.990283 0.529656 0.022085
32 0.009717 -3.108263 -0.440986 0.990283 0.544760 0.058371
33 0.009717 -3.108263 -0.440986 0.990283 0.524546 0.090257
34 0.009717 -3.108263 -0.440986 0.990283 0.524858 0.061134
35 0.009717 -3.108263 -0.440986 0.990283 0.500360 0.024443
36 0.009717 -3.108263 -0.440986 0.990283 0.505064 0.117263
37 0.009717 -3.108263 -0.440986 0.990283 0.544489 0.103220
38 0.009717 -3.108263 -0.440986 0.990283 0.498883 0.041322
39 0.009717 -3.108263 -0.440986 0.990283 0.546720 0.003686
40 0.009717 -3.108263 -0.440986 0.990283 0.547541 0.002942
41 0.009717 -3.108263 -0.440986 0.990283 0.518768 0.057893
42 0.009717 -3.108263 -0.440986 0.990283 0.517744 0.066649
43 0.009717 -3.108263 -0.440986 0.990283 0.526749 0.076208
44 0.009717 -3.108263 -0.440986 0.990283 0.516547 0.062987
45 0.009717 -3.108263 -0.440986 0.990283 0.506098 0.155061
46 0.009717 -3.108263 -0.440986 0.990283 0.507989 0.059454
47 0.009717 -3.108263 -0.440986 0.990283 0.532526 0.021617
48 0.009717 -3.108263 -0.440986 0.990283 0.493848 0.004314
49 0.009717 -3.108263 -0.440986 0.990283 0.495200 0.043602
50 0.009717 -3.108263 -0.440986 0.990283 0.508272 0.023694
51 0.009717 -3.108263 -0.440986 0.990283 0.493324 0.006769
52 0.009717 -3.108263 -0.440986 0.990283 0.525925 0.065534
53 0.009717 -3.108263 -0.440986 0.990283 0.516557 0.157007
54 0.009717 -3.108263 -0.440986 0.990283 0.533421 0.151179
55 0.009717 -3.108263 -0.440986 0.990283 0.529430 0.016124
56 0.009717 -3.108263 -0.440986 0.990283 0.490006 0.010191
57 0.009717 -3.108263 -0.440986 0.990283 0.506851 0.031776
58 0.009717 -3.108263 -0.440986 0.990283 0.479443 0.003541
59 0.009717 -3.108263 -0.440986 0.990283 0.485506 0.093206
60 0.009717 -3.108263 -0.440986 0.990283 0.510849 0.012967
61 0.009717 -3.108263 -0.440986 0.990283 0.509534 0.055845
62 0.009717 -3.108263 -0.440986 0.990283 0.506769 0.198279
63 0.009717 -3.108263 -0.440986 0.990283 0.508061 0.022089
64 0.009717 -3.108263 -0.440986 0.990283 0.532580 0.092890
65 0.009717 -3.108263 -0.440986 0.990283 0.553332 0.045733
66 0.009717 -3.108263 -0.440986 0.990283 0.496068 0.018194
67 0.009717 -3.108263 -0.440986 0.990283 0.524797 0.022508
68 0.009717 -3.108263 -0.440986 0.990283 0.518103 0.005166
69 0.009717 -3.108263 -0.440986 0.990283 0.529789 0.039509
70 0.009717 -3.108263 -0.440986 0.990283 0.535707 0.065512
71 0.009717 -3.108263 -0.440986 0.990283 0.520718 0.056684
72 0.009717 -3.108263 -0.440986 0.990283 0.517550 0.057552
73 0.009717 -3.108263 -0.440986 0.990283 0.525914 0.081671
74 0.009717 -3.108263 -0.440986 0.990283 0.520350 0.069041
75 0.009717 -3.108263 -0.440986 0.990283 0.536129 0.060995
76 0.009717 -3.108263 -0.440986 0.990283 0.506639 0.112408
77 0.009717 -3.108263 -0.440986 0.990283 0.533239 0.031089
78 0.009717 -3.108263 -0.440986 0.990283 0.506781 0.004417
79 0.009717 -3.108263 -0.440986 0.990283 0.538685 0.060820
80 0.009717 -3.108263 -0.440986 0.990283 0.550209 0.309372
81 0.009717 -3.108263 -0.440986 0.990283 0.496032 0.044130
82 0.009717 -3.108263 -0.440986 0.990283 0.519121 0.057057
83 0.009717 -3.108263 -0.440986 0.990283 0.535947 0.103034
84 0.009717 -3.108263 -0.440986 0.990283 0.522332 0.021688
85 0.009717 -3.108263 -0.440986 0.990283 0.506812 0.028268
86 0.009717 -3.108263 -0.440986 0.990283 0.516288 0.067194
87 0.009717 -3.108263 -0.440986 0.990283 0.507481 0.067772
88 0.009717 -3.108263 -0.440986 0.990283 0.541615 0.003296
89 0.009717 -3.108263 -0.440986 0.990283 0.497351 0.010184
90 0.009717 -3.108263 -0.440986 0.990283 0.510253 0.024761
91 0.009717 -3.108263 -0.440986 0.990283 0.520016 0.010077
92 0.009717 -3.108263 -0.440986 0.990283 0.517586 0.002457
93 0.009717 -3.108263 -0.440986 0.990283 0.509195 0.092343
94 0.009717 -3.108263 -0.440986 0.990283 0.507187 0.089296
95 0.009717 -3.108263 -0.440986 0.990283 0.547263 0.023124
96 0.009717 -3.108263 -0.440986 0.990283 0.505847 0.049138
97 0.009717 -3.108263 -0.440986 0.990283 0.528708 0.002460
98 0.009717 -3.108263 -0.440986 0.990283 0.521091 0.045236
99 0.009717 -3.108263 -0.440986 0.990283 0.516751 0.002971
100 0.009717 -0.654612 -3.068589 0.990283 0.543876 0.019950
101 0.009717 -0.654612 -3.068589 0.990283 0.524008 0.029192
102 0.009717 -0.654612 -3.068589 0.990283 0.485209 0.033655
103 0.009717 -0.654612 -3.068589 0.990283 0.508746 0.006095
104 0.009717 -0.654612 -3.068589 0.990283 0.501487 0.020512
105 0.009717 -0.654612 -3.068589 0.990283 0.509744 0.021468
106 0.009717 -0.654612 -3.068589 0.990283 0.518577 0.032884
107 0.009717 -0.654612 -3.068589 0.990283 0.524092 0.033741
108 0.009717 -0.654612 -3.068589 0.990283 0.511156 0.030481
109 0.009717 -0.654612 -3.068589 0.990283 0.515580 0.023712
110 0.009717 -0.654612 -3.068589 0.990283 0.510933 0.083266
111 0.009717 -0.654612 -3.068589 0.990283 0.484090 0.025419
112 0.009717 -0.654612 -3.068589 0.990283 0.526819 0.005816
113 0.009717 -0.654612 -3.068589 0.990283 0.510378 0.002928
114 0.009717 -0.654612 -3.068589 0.990283 0.510553 0.088422
115 0.009717 -0.654612 -3.068589 0.990283 0.499119 0.130447
116 0.009717 -0.654612 -3.068589 0.990283 0.510461 0.006649
117 0.009717 -0.654612 -3.068589 0.990283 0.543900 0.021491
118 0.009717 -0.654612 -3.068589 0.990283 0.504976 0.002889
119 0.009717 -0.654612 -3.068589 0.990283 0.510606 0.056971
120 0.009717 -0.654612 -3.068589 0.990283 0.504469 0.002585
121 0.009717 -0.654612 -3.068589 0.990283 0.513544 0.263538
122 0.009717 -0.654612 -3.068589 0.990283 0.488029 0.031574
123 0.009717 -0.654612 -3.068589 0.990283 0.490154 0.050194
124 0.009717 -0.654612 -3.068589 0.990283 0.493877 0.094066
125 0.009717 -0.654612 -3.068589 0.990283 0.484942 0.125956
126 0.009717 -0.654612 -3.068589 0.990283 0.504241 0.021928
127 0.009717 -0.654612 -3.068589 0.990283 0.519311 0.160487
128 0.009717 -0.654612 -3.068589 0.990283 0.477339 0.044237
129 0.009717 -0.654612 -3.068589 0.990283 0.545369 0.064691
130 0.009717 -0.654612 -3.068589 0.990283 0.503774 0.018524
131 0.009717 -0.654612 -3.068589 0.990283 0.531690 0.023000
132 0.009717 -0.654612 -3.068589 0.990283 0.524497 0.074617
133 0.009717 -0.654612 -3.068589 0.990283 0.522934 0.134385
134 0.009717 -0.654612 -3.068589 0.990283 0.528079 0.183195
135 0.009717 -0.654612 -3.068589 0.990283 0.521587 0.004576
136 0.009717 -0.654612 -3.068589 0.990283 0.510804 0.024406
137 0.009717 -0.654612 -3.068589 0.990283 0.508115 0.011992
138 0.009717 -0.654612 -3.068589 0.990283 0.523106 0.060245
139 0.009717 -0.654612 -3.068589 0.990283 0.502082 0.077570
140 0.009717 -0.654612 -3.068589 0.990283 0.520206 0.162962
141 0.009717 -0.654612 -3.068589 0.990283 0.503194 0.021496
142 0.009717 -0.654612 -3.068589 0.990283 0.512230 0.021798
143 0.009717 -0.654612 -3.068589 0.990283 0.516038 0.091445
144 0.009717 -0.654612 -3.068589 0.990283 0.501378 0.030842
145 0.009717 -0.654612 -3.068589 0.990283 0.513026 0.056484
146 0.009717 -0.654612 -3.068589 0.990283 0.505906 0.041467
147 0.009717 -0.654612 -3.068589 0.990283 0.498853 0.056970
148 0.009717 -0.654612 -3.068589 0.990283 0.508161 0.023791
149 0.009717 -0.654612 -3.068589 0.990283 0.520849 0.144551
150 0.009717 -0.654612 -3.068589 0.990283 0.508577 0.045434
151 0.009717 -0.654612 -3.068589 0.990283 0.505652 0.022128
152 0.009717 -0.654612 -3.068589 0.990283 0.549107 0.036526
153 0.009717 -0.654612 -3.068589 0.990283 0.542913 0.114300
154 0.009717 -0.654612 -3.068589 0.990283 0.539279 0.117420
155 0.009717 -0.654612 -3.068589 0.990283 0.541507 0.067305
156 0.009717 -0.654612 -3.068589 0.990283 0.536225 0.081832
157 0.009717 -0.654612 -3.068589 0.990283 0.509172 0.063252
158 0.009717 -0.654612 -3.068589 0.990283 0.546675 0.032448
159 0.009717 -0.654612 -3.068589 0.990283 0.552978 0.196314
160 0.009717 -0.654612 -3.068589 0.990283 0.511230 0.065426
161 0.009717 -0.654612 -3.068589 0.990283 0.519965 0.002784
162 0.009717 -0.654612 -3.068589 0.990283 0.521988 0.085671
163 0.009717 -0.654612 -3.068589 0.990283 0.552506 0.144529
164 0.009717 -0.654612 -3.068589 0.990283 0.531407 0.005439
165 0.009717 -0.654612 -3.068589 0.990283 0.526681 0.021846
166 0.009717 -0.654612 -3.068589 0.990283 0.514694 0.052092
167 0.009717 -0.654612 -3.068589 0.990283 0.501046 0.022068
168 0.009717 -0.654612 -3.068589 0.990283 0.526194 0.013220
169 0.009717 -0.654612 -3.068589 0.990283 0.523784 0.023046
170 0.009717 -0.654612 -3.068589 0.990283 0.528746 0.051183
171 0.009717 -0.654612 -3.068589 0.990283 0.512865 0.018137
172 0.009717 -0.654612 -3.068589 0.990283 0.505491 0.082266
173 0.009717 -0.654612 -3.068589 0.990283 0.521404 0.011955
174 0.009717 -0.654612 -3.068589 0.990283 0.515880 0.094769
175 0.009716 2.986191 -0.965896 0.990284 0.523396 0.003833
176 0.009716 2.986191 -0.965896 0.990284 0.507336 0.018178
177 0.009716 2.986191 -0.965896 0.990284 0.513724 0.074213
178 0.009716 2.986191 -0.965896 0.990284 0.521021 0.004407
179 0.009716 2.986191 -0.965896 0.990284 0.496999 0.045958
180 0.009716 2.986191 -0.965896 0.990284 0.527239 0.191132
181 0.009716 2.986191 -0.965896 0.990284 0.514134 0.091677
182 0.009716 2.986191 -0.965896 0.990284 0.549870 0.071100
183 0.009716 2.986191 -0.965896 0.990284 0.550005 0.056421
184 0.009716 2.986191 -0.965896 0.990284 0.528352 0.129692
185 0.009716 2.986191 -0.965896 0.990284 0.525367 0.065403
186 0.009716 2.986191 -0.965896 0.990284 0.539481 0.040687
187 0.009716 2.986191 -0.965896 0.990284 0.508197 0.102207
188 0.009716 2.986191 -0.965896 0.990284 0.514399 0.003157
189 0.009716 2.986191 -0.965896 0.990284 0.550989 0.134658
190 0.009716 2.986191 -0.965896 0.990284 0.483476 0.025319
191 0.009716 2.986191 -0.965896 0.990284 0.512463 0.004234
192 0.009716 2.986191 -0.965896 0.990284 0.516290 0.003258
193 0.009716 2.986191 -0.965896 0.990284 0.504418 0.022728
194 0.009716 2.986191 -0.965896 0.990284 0.539545 0.036766
195 0.009716 2.986191 -0.965896 0.990284 0.527453 0.175042
196 0.009716 2.986191 -0.965896 0.990284 0.494468 0.008990
197 0.009716 2.986191 -0.965896 0.990284 0.489199 0.020875
198 0.009716 2.986191 -0.965896 0.990284 0.493377 0.002756
199 0.009716 2.986191 -0.965896 0.990284 0.542438 0.115762
200 0.009716 2.986191 -0.965896 0.990284 0.540786 0.066652
201 0.009716 2.986191 -0.965896 0.990284 0.513650 0.118576
202 0.009716 2.986191 -0.965896 0.990284 0.520317 0.110082
203 0.009716 2.986191 -0.965896 0.990284 0.552536 0.240244
204 0.009716 2.986191 -0.965896 0.990284 0.524899 0.002468
205 0.009716 2.986191 -0.965896 0.990284 0.535085 0.110248
206 0.009716 2.986191 -0.965896 0.990284 0.481147 0.035957
207 0.009716 2.986191 -0.965896 0.990284 0.507427 0.003301
208 0.009716 2.986191 -0.965896 0.990284 0.492336 0.057290
209 0.009716 2.986191 -0.965896 0.990284 0.509672 0.024199
210 0.009716 2.986191 -0.965896 0.990284 0.502224 0.014895
211 0.009716 2.986191 -0.965896 0.990284 0.514010 0.021632
212 0.009716 2.986191 -0.965896 0.990284 0.529542 0.052625
213 0.009716 2.986191 -0.965896 0.990284 0.518822 0.022324
214 0.009716 2.986191 -0.965896 0.990284 0.508909 0.041249
215 0.009716 2.986191 -0.965896 0.990284 0.500902 0.021611
216 0.009716 2.986191 -0.965896 0.990284 0.523668 0.048757
217 0.009716 2.986191 -0.965896 0.990284 0.514816 0.025174
218 0.009716 2.986191 -0.965896 0.990284 0.488909 0.021517
219 0.009716 2.986191 -0.965896 0.990284 0.506010 0.059455
220 0.009716 2.986191 -0.965896 0.990284 0.504021 0.030215
221 0.009716 2.986191 -0.965896 0.990284 0.503445 0.021591
222 0.009716 2.986191 -0.965896 0.990284 0.527612 0.102249
223 0.009716 2.986191 -0.965896 0.990284 0.504469 0.056806
224 0.009716 2.986191 -0.965896 0.990284 0.504087 0.045304
225 0.009716 2.986191 -0.965896 0.990284 0.513056 0.040337
226 0.009716 2.986191 -0.965896 0.990284 0.479914 0.006713
227 0.009716 2.986191 -0.965896 0.990284 0.515839 0.024822
228 0.009716 2.986191 -0.965896 0.990284 0.517159 0.024232
229 0.009716 2.986191 -0.965896 0.990284 0.483694 0.081442
230 0.009716 2.986191 -0.965896 0.990284 0.511034 0.102092
231 0.009716 2.986191 -0.965896 0.990284 0.547579 0.143312
232 0.009716 2.986191 -0.965896 0.990284 0.511889 0.014903
233 0.009716 2.986191 -0.965896 0.990284 0.534001 0.021648
234 0.009716 2.986191 -0.965896 0.990284 0.500634 0.022104
235 0.009716 2.986191 -0.965896 0.990284 0.526107 0.130272
236 0.009716 2.986191 -0.965896 0.990284 0.474201 0.009654
237 0.009716 2.986191 -0.965896 0.990284 0.509498 0.056366
238 0.009716 2.986191 -0.965896 0.990284 0.451578 0.021672
239 0.009716 2.986191 -0.965896 0.990284 0.502746 0.021532
240 0.009716 2.986191 -0.965896 0.990284 0.499101 0.048325
241 0.009716 2.986191 -0.965896 0.990284 0.550030 0.050036
242 0.009716 2.986191 -0.965896 0.990284 0.523783 0.081269
243 0.009716 2.986191 -0.965896 0.990284 0.515763 0.117432
244 0.009716 2.986191 -0.965896 0.990284 0.520051 0.041260
245 0.009716 2.986191 -0.965896 0.990284 0.522867 0.031620
246 0.009716 2.986191 -0.965896 0.990284 0.525808 0.033146
247 0.009716 2.986191 -0.965896 0.990284 0.528448 0.014488
248 0.009716 2.986191 -0.965896 0.990284 0.508165 0.037716
249 0.009716 2.986191 -0.965896 0.990284 0.519215 0.022085
250 0.009716 2.986191 -0.965896 0.990284 0.516867 0.082515
251 0.009716 2.986191 -0.965896 0.990284 0.517277 0.057544
252 0.009716 2.986191 -0.965896 0.990284 0.514088 0.022422
253 0.009716 2.986191 -0.965896 0.990284 0.536684 0.063043
254 0.009716 2.986191 -0.965896 0.990284 0.508803 0.073972
255 0.009716 2.986191 -0.965896 0.990284 0.513369 0.037569
256 0.009716 2.986191 -0.965896 0.990284 0.495863 0.024691
257 0.009716 2.986191 -0.965896 0.990284 0.515334 0.038835
258 0.009716 2.986191 -0.965896 0.990284 0.541019 0.018277
259 0.009716 2.986191 -0.965896 0.990284 0.536302 0.002583
260 0.009716 2.986191 -0.965896 0.990284 0.537910 0.044922
261 0.009716 2.986191 -0.965896 0.990284 0.510000 0.031392
262 0.009716 2.986191 -0.965896 0.990284 0.506886 0.050149
263 0.009716 2.986191 -0.965896 0.990284 0.514262 0.037857
264 0.009716 2.986191 -0.965896 0.990284 0.495333 0.005161
265 0.009716 2.986191 -0.965896 0.990284 0.531074 0.033577
266 0.009716 2.986191 -0.965896 0.990284 0.481828 0.015454
267 0.009716 2.986191 -0.965896 0.990284 0.511185 0.081303
268 0.009716 2.986191 -0.965896 0.990284 0.531496 0.061308
269 0.009716 2.986191 -0.965896 0.990284 0.504541 0.066221
270 0.009716 2.986191 -0.965896 0.990284 0.505122 0.012081
271 0.009716 2.986191 -0.965896 0.990284 0.528912 0.068456
272 0.009716 2.986191 -0.965896 0.990284 0.489194 0.038024
273 0.009716 2.986191 -0.965896 0.990284 0.558004 0.032712
274 0.009716 2.986191 -0.965896 0.990284 0.508238 0.003421
275 0.009716 2.986191 -0.965896 0.990284 0.499901 0.021968
276 0.009716 2.986191 -0.965896 0.990284 0.525012 0.026385
277 0.009716 2.986191 -0.965896 0.990284 0.505342 0.008515
278 0.003562 0.004578 -0.059510 0.996438 0.530948 0.010412
279 0.003562 0.004578 -0.059510 0.996438 0.508470 0.002603
280 0.003562 0.004578 -0.059510 0.996438 0.494094 0.030703
281 0.003562 0.004578 -0.059510 0.996438 0.465730 0.024329
282 0.003562 0.004578 -0.059510 0.996438 0.479258 0.078844
283 0.003562 0.004578 -0.059510 0.996438 0.500609 0.039802
284 0.003562 0.004578 -0.059510 0.996438 0.494353 0.151154
285 0.003562 0.004578 -0.059510 0.996438 0.499764 0.002950
286 0.003562 0.004578 -0.059510 0.996438 0.490709 0.115743
287 0.003562 0.004578 -0.059510 0.996438 0.507538 0.022332
288 0.003562 0.004578 -0.059510 0.996438 0.539710 0.172731
289 0.003562 0.004578 -0.059510 0.996438 0.523817 0.026089
290 0.003562 0.004578 -0.059510 0.996438 0.534390 0.027538
291 0.003562 0.004578 -0.059510 0.996438 0.511709 0.002456
292 0.003562 0.004578 -0.059510 0.996438 0.528003 0.064103
293 0.003562 0.004578 -0.059510 0.996438 0.506497 0.026630
294 0.003562 0.004578 -0.059510 0.996438 0.507211 0.025775
295 0.003562 0.004578 -0.059510 0.996438 0.530609 0.015723
296 0.003562 0.004578 -0.059510 0.996438 0.526823 0.080879
297 0.003562 0.004578 -0.059510 0.996438 0.518219 0.030160
298 0.003562 0.004578 -0.059510 0.996438 0.517730 0.029002
299 0.003562 0.004578 -0.059510 0.996438 0.524710 0.021517
300 0.003562 0.004578 -0.059510 0.996438 0.518405 0.012690
301 0.003562 0.004578 -0.059510 0.996438 0.486559 0.134692
302 0.003562 0.004578 -0.059510 0.996438 0.514488 0.124417
303 0.003562 0.004578 -0.059510 0.996438 0.503103 0.004688
304 0.003562 0.004578 -0.059510 0.996438 0.495476 0.027328
305 0.003562 0.004578 -0.059510 0.996438 0.530149 0.035854
306 0.003562 0.004578 -0.059510 0.996438 0.508314 0.032733
307 0.003562 0.004578 -0.059510 0.996438 0.536321 0.176924
308 0.003562 0.004578 -0.059510 0.996438 0.545319 0.187482
309 0.003562 0.004578 -0.059510 0.996438 0.528604 0.136142
310 0.003562 0.004578 -0.059510 0.996438 0.535676 0.152775
311 0.003562 0.004578 -0.059510 0.996438 0.508591 0.047707
312 0.003562 0.004578 -0.059510 0.996438 0.538932 0.076176
313 0.003562 0.004578 -0.059510 0.996438 0.515394 0.025902
314 0.003562 0.004578 -0.059510 0.996438 0.519839 0.107083
315 0.003562 0.004578 -0.059510 0.996438 0.544518 0.021636
316 0.003562 0.004578 -0.059510 0.996438 0.510172 0.021644
317 0.003562 0.004578 -0.059510 0.996438 0.530598 0.002463
318 0.003562 0.004578 -0.059510 0.996438 0.522204 0.225710
319 0.003562 0.004578 -0.059510 0.996438 0.501409 0.003219
320 0.003562 0.004578 -0.059510 0.996438 0.491444 0.023317
321 0.003562 0.004578 -0.059510 0.996438 0.543646 0.023203
322 0.003562 0.004578 -0.059510 0.996438 0.510723 0.056368
323 0.003562 0.004578 -0.059510 0.996438 0.510393 0.021593
324 0.003562 0.004578 -0.059510 0.996438 0.533986 0.080844
325 0.003562 0.004578 -0.059510 0.996438 0.533152 0.052797
326 0.003562 0.004578 -0.059510 0.996438 0.521882 0.031596
327 0.003562 0.004578 -0.059510 0.996438 0.520349 0.084684
328 0.003562 0.004578 -0.059510 0.996438 0.549373 0.102042
329 0.003562 0.004578 -0.059510 0.996438 0.524447 0.127109
330 0.003562 0.004578 -0.059510 0.996438 0.518576 0.154101
331 0.003562 0.004578 -0.059510 0.996438 0.528462 0.076378
332 0.003562 0.004578 -0.059510 0.996438 0.523728 0.082963
333 0.003562 0.004578 -0.059510 0.996438 0.512000 0.027867
334 0.003562 0.004578 -0.059510 0.996438 0.531621 0.052390
335 0.003562 0.004578 -0.059510 0.996438 0.496725 0.022147
336 0.003562 0.004578 -0.059510 0.996438 0.525199 0.069757
337 0.003562 0.004578 -0.059510 0.996438 0.522654 0.050760
338 0.003562 0.004578 -0.059510 0.996438 0.482857 0.002989
339 0.003562 0.004578 -0.059510 0.996438 0.535328 0.067897
340 0.003562 0.004578 -0.059510 0.996438 0.502243 0.011673
341 0.003562 0.004578 -0.059510 0.996438 0.501505 0.022890
342 0.003562 0.004578 -0.059510 0.996438 0.513839 0.022231
343 0.003562 0.004578 -0.059510 0.996438 0.525826 0.085970
344 0.003562 0.004578 -0.059510 0.996438 0.523549 0.052418
345 0.003562 0.004578 -0.059510 0.996438 0.486398 0.059571
346 0.003562 0.004578 -0.059510 0.996438 0.552253 0.215015
347 0.003562 0.004578 -0.059510 0.996438 0.505016 0.004646
348 0.003562 0.004578 -0.059510 0.996438 0.499634 0.002456
349 0.003562 0.004578 -0.059510 0.996438 0.548895 0.027014
350 0.003562 0.004578 -0.059510 0.996438 0.513473 0.031339
351 0.003562 0.004578 -0.059510 0.996438 0.504993 0.003524
352 0.003562 0.004578 -0.059510 0.996438 0.531262 0.065892
353 0.003562 0.004578 -0.059510 0.996438 0.525433 0.022130
354 0.003562 0.004578 -0.059510 0.996438 0.525110 0.007096
355 0.003562 0.004578 -0.059510 0.996438 0.524134 0.024738
356 0.003562 0.004578 -0.059510 0.996438 0.510714 0.027920
357 0.003562 0.004578 -0.059510 0.996438 0.510759 0.010122
358 0.003562 0.004578 -0.059510 0.996438 0.497497 0.028298
359 0.003562 0.004578 -0.059510 0.996438 0.542369 0.002978
360 0.003562 0.004578 -0.059510 0.996438 0.549685 0.002462
361 0.003562 0.004578 -0.059510 0.996438 0.505578 0.008288
362 0.003562 0.004578 -0.059510 0.996438 0.519545 0.039169
363 0.003562 0.004578 -0.059510 0.996438 0.503179 0.083817
364 0.003562 0.004578 -0.059510 0.996438 0.501205 0.077392
365 0.003562 0.004578 -0.059510 0.996438 0.508501 0.021519
366 0.003562 0.004578 -0.059510 0.996438 0.483501 0.006557
367 0.003562 0.004578 -0.059510 0.996438 0.517763 0.004026
368 0.003562 0.004578 -0.059510 0.996438 0.506035 0.002477
369 0.003562 0.004578 -0.059510 0.996438 0.517303 0.056896
370 0.003562 0.004578 -0.059510 0.996438 0.523075 0.053771
371 0.003562 0.004578 -0.059510 0.996438 0.518084 0.079529
372 0.003562 0.004578 -0.059510 0.996438 0.514383 0.107326
373 0.003562 0.004578 -0.059510 0.996438 0.542580 0.028344
374 0.003562 0.004578 -0.059510 0.996438 0.508654 0.003641
375 0.003562 0.004578 -0.059510 0.996438 0.534620 0.171017
376 0.003562 0.004578 -0.059510 0.996438 0.506592 0.165412
377 0.003562 0.004578 -0.059510 0.996438 0.529407 0.023210
378 0.003562 0.004578 -0.059510 0.996438 0.512972 0.022810
379 0.003562 0.004578 -0.059510 0.996438 0.496005 0.021966
380 0.003562 0.004578 -0.059510 0.996438 0.494308 0.038226
381 0.003562 0.004578 -0.059510 0.996438 0.534905 0.067704
382 0.003562 0.004578 -0.059510 0.996438 0.509891 0.027802
383 0.003562 0.004578 -0.059510 0.996438 0.521616 0.022643
384 0.003562 0.004578 -0.059510 0.996438 0.525933 0.026344
385 0.003562 0.004578 -0.059510 0.996438 0.518583 0.119374
386 0.003562 0.004578 -0.059510 0.996438 0.500539 0.023040
387 0.003562 0.004578 -0.059510 0.996438 0.533518 0.030789
388 0.003562 0.004578 -0.059510 0.996438 0.545438 0.069577
389 0.003562 0.004578 -0.059510 0.996438 0.481752 0.021790
390 0.003562 0.004578 -0.059510 0.996438 0.509653 0.195130
391 0.003562 0.004578 -0.059510 0.996438 0.518187 0.102792
392 0.003562 0.004578 -0.059510 0.996438 0.488590 0.091408
393 0.003562 0.004578 -0.059510 0.996438 0.489065 0.030056
394 0.003562 0.004578 -0.059510 0.996438 0.544669 0.102191
395 0.003562 0.004578 -0.059510 0.996438 0.515366 0.030245
396 0.003562 0.004578 -0.059510 0.996438 0.542749 0.082857
397 0.003562 0.004578 -0.059510 0.996438 0.531080 0.022108
398 0.003562 0.004578 -0.059510 0.996438 0.529740 0.038271
399 0.003562 0.004578 -0.059510 0.996438 0.499189 0.047895
400 0.003562 0.004578 -0.059510 0.996438 0.516468 0.035007
401 0.003562 0.004578 -0.059510 0.996438 0.506083 0.004611
402 0.003562 0.004578 -0.059510 0.996438 0.549696 0.194825
403 0.003562 0.004578 -0.059510 0.996438 0.525201 0.021496
404 0.003562 0.004578 -0.059510 0.996438 0.490436 0.040781
405 0.003562 0.004578 -0.059510 0.996438 0.502147 0.056224
406 0.003562 0.004578 -0.059510 0.996438 0.495783 0.021805
407 0.003562 0.004578 -0.059510 0.996438 0.477315 0.027557
408 0.003562 0.004578 -0.059510 0.996438 0.525696 0.029298
409 0.003562 0.004578 -0.059510 0.996438 0.528740 0.003215
410 0.003562 0.004578 -0.059510 0.996438 0.522206 0.107652
411 0.003562 0.004578 -0.059510 0.996438 0.478017 0.022611
412 0.003562 0.004578 -0.059510 0.996438 0.514218 0.189624
413 0.003562 0.004578 -0.059510 0.996438 0.490931 0.067324
414 0.003562 0.004578 -0.059510 0.996438 0.502445 0.025232
415 0.003562 0.004578 -0.059510 0.996438 0.532168 0.025612
416 0.003562 0.004578 -0.059510 0.996438 0.504151 0.089479
417 0.003562 0.004578 -0.059510 0.996438 0.523970 0.066674
418 0.003562 0.004578 -0.059510 0.996438 0.517225 0.025797
419 0.003562 0.004578 -0.059510 0.996438 0.530209 0.002490
420 0.003562 0.004578 -0.059510 0.996438 0.522900 0.056535
421 0.003562 0.004578 -0.059510 0.996438 0.517659 0.005472
422 0.003562 0.004578 -0.059510 0.996438 0.500733 0.053201
423 0.003562 0.004578 -0.059510 0.996438 0.525812 0.002787
424 0.003562 0.004578 -0.059510 0.996438 0.525360 0.023786
425 0.003562 0.004578 -0.059510 0.996438 0.532467 0.093903
426 0.003562 0.004578 -0.059510 0.996438 0.543030 0.075861
427 0.003562 0.004578 -0.059510 0.996438 0.507951 0.006659
428 0.003562 0.004578 -0.059510 0.996438 0.519616 0.024766
429 0.003562 0.004578 -0.059510 0.996438 0.503932 0.021621
430 0.003562 0.004578 -0.059510 0.996438 0.501453 0.044187
431 0.003562 0.004578 -0.059510 0.996438 0.485593 0.003118
432 0.003562 0.004578 -0.059510 0.996438 0.529127 0.088083
433 0.003562 0.004578 -0.059510 0.996438 0.522647 0.027031
434 0.003562 0.004578 -0.059510 0.996438 0.502263 0.022814
435 0.003562 0.004578 -0.059510 0.996438 0.534465 0.123660
436 0.003562 0.004578 -0.059510 0.996438 0.524390 0.014355
437 0.003562 0.004578 -0.059510 0.996438 0.497376 0.002457
438 0.003562 0.004578 -0.059510 0.996438 0.499411 0.021897
439 0.003562 0.004578 -0.059510 0.996438 0.525400 0.076256
440 0.003562 0.004578 -0.059510 0.996438 0.502687 0.027547
441 0.003562 0.004578 -0.059510 0.996438 0.484680 0.029369
442 0.003562 0.004578 -0.059510 0.996438 0.511812 0.153091
443 0.003562 0.004578 -0.059510 0.996438 0.497950 0.020362
444 0.003562 0.004578 -0.059510 0.996438 0.541595 0.002708
445 0.003562 0.004578 -0.059510 0.996438 0.507178 0.022571
446 0.003562 0.004578 -0.059510 0.996438 0.496485 0.024120
447 0.003562 0.004578 -0.059510 0.996438 0.519015 0.101625
448 0.003562 0.004578 -0.059510 0.996438 0.543550 0.052631
449 0.003562 0.004578 -0.059510 0.996438 0.505638 0.004304
450 0.003562 0.004578 -0.059510 0.996438 0.536494 0.137058
451 0.003562 0.004578 -0.059510 0.996438 0.472419 0.003629
452 0.003562 0.004578 -0.059510 0.996438 0.487096 0.021837
453 0.003562 0.004578 -0.059510 0.996438 0.509344 0.003323
454 0.003562 0.004578 -0.059510 0.996438 0.504828 0.025800
455 0.003562 0.004578 -0.059510 0.996438 0.512545 0.021468
456 0.003562 0.004578 -0.059510 0.996438 0.520038 0.130480
457 0.003562 0.004578 -0.059510 0.996438 0.509770 0.026621
458 0.003562 0.004578 -0.059510 0.996438 0.500977 0.041461
459 0.003562 0.004578 -0.059510 0.996438 0.526130 0.027399
460 0.003562 0.004578 -0.059510 0.996438 0.517390 0.027593
461 0.003562 0.004578 -0.059510 0.996438 0.517221 0.040511
462 0.003562 0.004578 -0.059510 0.996438 0.525191 0.223438
463 0.003562 0.004578 -0.059510 0.996438 0.534010 0.091001
464 0.003562 0.004578 -0.059510 0.996438 0.495652 0.102456
465 0.003562 0.004578 -0.059510 0.996438 0.531553 0.152643
466 0.003562 0.004578 -0.059510 0.996438 0.543992 0.143571
467 0.003562 0.004578 -0.059510 0.996438 0.498058 0.150130
468 0.003562 0.004578 -0.059510 0.996438 0.484240 0.066882
469 0.003562 0.004578 -0.059510 0.996438 0.529144 0.022401
470 0.003562 0.004578 -0.059510 0.996438 0.517296 0.308640
471 0.003562 0.004578 -0.059510 0.996438 0.508358 0.015527
472 0.003562 0.004578 -0.059510 0.996438 0.503649 0.028054
473 0.003562 0.004578 -0.059510 0.996438 0.512200 0.065986
474 0.003562 0.004578 -0.059510 0.996438 0.528760 0.309949
475 0.003562 0.004578 -0.059510 0.996438 0.523457 0.170646
476 0.003562 0.004578 -0.059510 0.996438 0.530580 0.024640
477 0.003562 0.004578 -0.059510 0.996438 0.547905 0.022310
478 0.003562 0.004578 -0.059510 0.996438 0.517452 0.006116
479 0.003562 0.004578 -0.059510 0.996438 0.491219 0.052738
480 0.003562 0.004578 -0.059510 0.996438 0.493228 0.028026
481 0.003562 0.004578 -0.059510 0.996438 0.503446 0.002977
482 0.003562 0.004578 -0.059510 0.996438 0.515202 0.003465
483 0.003562 0.004578 -0.059510 0.996438 0.512102 0.002841
484 0.003562 0.004578 -0.059510 0.996438 0.545159 0.005561
485 0.003562 0.004578 -0.059510 0.996438 0.530548 0.003221
486 0.003562 0.004578 -0.059510 0.996438 0.544074 0.002557
487 0.003562 0.004578 -0.059510 0.996438 0.522695 0.010109
488 0.003562 0.004578 -0.059510 0.996438 0.520535 0.141535
489 0.003562 0.004578 -0.059510 0.996438 0.493923 0.008498
490 0.003562 0.004578 -0.059510 0.996438 0.534682 0.118378
491 0.003562 0.004578 -0.059510 0.996438 0.501030 0.046062
492 0.003562 0.004578 -0.059510 0.996438 0.525296 0.021614
493 0.003562 0.004578 -0.059510 0.996438 0.528855 0.132137
494 0.003562 0.004578 -0.059510 0.996438 0.533115 0.022770
495 0.003562 0.004578 -0.059510 0.996438 0.499932 0.028311
496 0.003562 0.004578 -0.059510 0.996438 0.536785 0.002693
497 0.003562 0.004578 -0.059510 0.996438 0.521531 0.024398
498 0.003562 0.004578 -0.059510 0.996438 0.557278 0.097366
499 0.003562 0.004578 -0.059510 0.996438 0.542648 0.105526
