Lp  F6        x1       x2        Ocena     Średni    Najgorszy
0 0.163066 9.739834 -0.053407 0.836934 0.506090 0.109190
1 0.163066 9.739834 -0.053407 0.836934 0.502698 0.299515
2 0.163066 9.739834 -0.053407 0.836934 0.507151 0.237123
3 0.163066 9.739834 -0.053407 0.836934 0.500198 0.316912
4 0.163066 9.739834 -0.053407 0.836934 0.502483 0.300845
5 0.163066 9.739834 -0.053407 0.836934 0.493326 0.307923
6 0.163066 9.739834 -0.053407 0.836934 0.505368 0.437996
7 0.163066 9.739834 -0.053407 0.836934 0.496207 0.155703
8 0.021104 -1.738003 -2.742046 0.978896 0.507743 0.198337
9 0.021104 -1.738003 -2.742046 0.978896 0.499132 0.161845
10 0.021104 -1.738003 -2.742046 0.978896 0.497960 0.234210
11 0.021104 -1.738003 -2.742046 0.978896 0.497288 0.256925
12 0.021104 -1.738003 -2.742046 0.978896 0.497035 0.056472
13 0.021104 -1.738003 -2.742046 0.978896 0.500287 0.250963
14 0.021104 -1.738003 -2.742046 0.978896 0.508046 0.250506
15 0.021104 -1.738003 -2.742046 0.978896 0.506711 0.320588
16 0.021104 -1.738003 -2.742046 0.978896 0.503710 0.284620
17 0.021104 -1.738003 -2.742046 0.978896 0.498242 0.311141
18 0.021104 -1.738003 -2.742046 0.978896 0.497292 0.143715
19 0.021104 -1.738003 -2.742046 0.978896 0.512232 0.344079
20 0.021104 -1.738003 -2.742046 0.978896 0.501792 0.297899
21 0.021104 -1.738003 -2.742046 0.978896 0.500570 0.208528
22 0.021104 -1.738003 -2.742046 0.978896 0.499287 0.034427
23 0.021104 -1.738003 -2.742046 0.978896 0.501112 0.336232
24 0.021104 -1.738003 -2.742046 0.978896 0.508397 0.317900
25 0.021104 -1.738003 -2.742046 0.978896 0.494046 0.196096
26 0.021104 -1.738003 -2.742046 0.978896 0.502371 0.172993
27 0.021104 -1.738003 -2.742046 0.978896 0.486118 0.114932
28 0.021104 -1.738003 -2.742046 0.978896 0.513308 0.332102
29 0.021104 -1.738003 -2.742046 0.978896 0.503416 0.129704
30 0.021104 -1.738003 -2.742046 0.978896 0.497816 0.220847
31 0.021104 -1.738003 -2.742046 0.978896 0.501891 0.061805
32 0.021104 -1.738003 -2.742046 0.978896 0.493041 0.101053
33 0.021104 -1.738003 -2.742046 0.978896 0.500825 0.298140
34 0.021104 -1.738003 -2.742046 0.978896 0.506142 0.125317
35 0.021104 -1.738003 -2.742046 0.978896 0.513465 0.360237
36 0.021104 -1.738003 -2.742046 0.978896 0.506477 0.252240
37 0.021104 -1.738003 -2.742046 0.978896 0.502090 0.257385
38 0.021104 -1.738003 -2.742046 0.978896 0.505835 0.134951
39 0.021104 -1.738003 -2.742046 0.978896 0.496593 0.171498
40 0.021104 -1.738003 -2.742046 0.978896 0.511276 0.410953
41 0.021104 -1.738003 -2.742046 0.978896 0.502029 0.183881
42 0.021104 -1.738003 -2.742046 0.978896 0.513560 0.280463
43 0.021104 -1.738003 -2.742046 0.978896 0.499138 0.140723
44 0.021104 -1.738003 -2.742046 0.978896 0.511253 0.423835
45 0.021104 -1.738003 -2.742046 0.978896 0.506759 0.290568
46 0.021104 -1.738003 -2.742046 0.978896 0.497986 0.127374
47 0.021104 -1.738003 -2.742046 0.978896 0.498912 0.215176
48 0.021104 -1.738003 -2.742046 0.978896 0.501035 0.034932
49 0.021104 -1.738003 -2.742046 0.978896 0.501199 0.203939
50 0.021104 -1.738003 -2.742046 0.978896 0.508897 0.256151
51 0.021104 -1.738003 -2.742046 0.978896 0.499059 0.194721
52 0.021104 -1.738003 -2.742046 0.978896 0.498798 0.153069
53 0.021104 -1.738003 -2.742046 0.978896 0.502013 0.338787
54 0.021104 -1.738003 -2.742046 0.978896 0.499707 0.252350
55 0.021104 -1.738003 -2.742046 0.978896 0.501471 0.141377
56 0.021104 -1.738003 -2.742046 0.978896 0.490123 0.077069
57 0.021104 -1.738003 -2.742046 0.978896 0.494899 0.185945
58 0.021104 -1.738003 -2.742046 0.978896 0.505463 0.362031
59 0.021104 -1.738003 -2.742046 0.978896 0.494597 0.261566
60 0.021104 -1.738003 -2.742046 0.978896 0.509091 0.228958
61 0.021104 -1.738003 -2.742046 0.978896 0.497188 0.023611
62 0.021104 -1.738003 -2.742046 0.978896 0.483934 0.064744
63 0.021104 -1.738003 -2.742046 0.978896 0.496455 0.059620
64 0.021104 -1.738003 -2.742046 0.978896 0.504128 0.264437
65 0.021104 -1.738003 -2.742046 0.978896 0.493682 0.176407
66 0.021104 -1.738003 -2.742046 0.978896 0.507482 0.304795
67 0.021104 -1.738003 -2.742046 0.978896 0.499735 0.204326
68 0.010327 -2.876326 -1.316854 0.989673 0.506179 0.271248
69 0.010327 -2.876326 -1.316854 0.989673 0.495557 0.071086
70 0.010327 -2.876326 -1.316854 0.989673 0.505769 0.112188
71 0.010327 -2.876326 -1.316854 0.989673 0.505934 0.341269
72 0.010327 -2.876326 -1.316854 0.989673 0.505683 0.294824
73 0.010327 -2.876326 -1.316854 0.989673 0.489398 0.208226
74 0.010292 2.955673 0.981155 0.989708 0.503390 0.260227
75 0.010292 2.955673 0.981155 0.989708 0.498819 0.329539
76 0.010292 2.955673 0.981155 0.989708 0.494804 0.180313
77 0.010292 2.955673 0.981155 0.989708 0.505052 0.445827
78 0.010292 2.955673 0.981155 0.989708 0.483855 0.021675
79 0.010292 2.955673 0.981155 0.989708 0.489730 0.102170
80 0.010292 2.955673 0.981155 0.989708 0.497652 0.118882
81 0.010292 2.955673 0.981155 0.989708 0.502399 0.258914
82 0.010292 2.955673 0.981155 0.989708 0.497204 0.065201
83 0.010292 2.955673 0.981155 0.989708 0.501497 0.377801
84 0.010292 2.955673 0.981155 0.989708 0.508113 0.204183
85 0.010292 2.955673 0.981155 0.989708 0.501847 0.084421
86 0.010292 2.955673 0.981155 0.989708 0.499194 0.163134
87 0.010292 2.955673 0.981155 0.989708 0.499759 0.261391
88 0.010292 2.955673 0.981155 0.989708 0.509065 0.298033
89 0.010292 2.955673 0.981155 0.989708 0.499388 0.102337
90 0.010292 2.955673 0.981155 0.989708 0.500036 0.258710
91 0.010292 2.955673 0.981155 0.989708 0.490265 0.089219
92 0.010292 2.955673 0.981155 0.989708 0.500945 0.184166
93 0.010292 2.955673 0.981155 0.989708 0.495505 0.155116
94 0.010292 2.955673 0.981155 0.989708 0.495158 0.158591
95 0.010292 2.955673 0.981155 0.989708 0.504339 0.327339
96 0.010292 2.955673 0.981155 0.989708 0.503116 0.069210
97 0.010292 2.955673 0.981155 0.989708 0.478896 0.102483
98 0.010292 2.955673 0.981155 0.989708 0.504350 0.030055
99 0.010292 2.955673 0.981155 0.989708 0.490308 0.008291
100 0.010292 2.955673 0.981155 0.989708 0.497105 0.249619
101 0.010292 2.955673 0.981155 0.989708 0.505068 0.300393
102 0.010292 2.955673 0.981155 0.989708 0.500753 0.271925
103 0.010292 2.955673 0.981155 0.989708 0.501245 0.295383
104 0.010292 2.955673 0.981155 0.989708 0.498805 0.205933
105 0.010292 2.955673 0.981155 0.989708 0.492964 0.293908
106 0.010292 2.955673 0.981155 0.989708 0.500126 0.217701
107 0.010292 2.955673 0.981155 0.989708 0.495480 0.329911
108 0.010292 2.955673 0.981155 0.989708 0.500977 0.170109
109 0.010292 2.955673 0.981155 0.989708 0.498456 0.208417
110 0.010292 2.955673 0.981155 0.989708 0.504219 0.302610
111 0.010292 2.955673 0.981155 0.989708 0.496716 0.197288
112 0.010292 2.955673 0.981155 0.989708 0.504991 0.338243
113 0.010292 2.955673 0.981155 0.989708 0.497131 0.216399
114 0.010292 2.955673 0.981155 0.989708 0.511682 0.203425
115 0.010292 2.955673 0.981155 0.989708 0.503439 0.222195
116 0.010292 2.955673 0.981155 0.989708 0.504087 0.155487
117 0.010292 2.955673 0.981155 0.989708 0.497702 0.216258
118 0.010292 2.955673 0.981155 0.989708 0.507346 0.298274
119 0.010292 2.955673 0.981155 0.989708 0.509864 0.361534
120 0.010292 2.955673 0.981155 0.989708 0.497591 0.054651
121 0.010292 2.955673 0.981155 0.989708 0.503381 0.095940
122 0.010292 2.955673 0.981155 0.989708 0.495067 0.221267
123 0.010292 2.955673 0.981155 0.989708 0.501205 0.110581
124 0.010292 2.955673 0.981155 0.989708 0.492922 0.197834
125 0.010292 2.955673 0.981155 0.989708 0.495667 0.219741
126 0.010292 2.955673 0.981155 0.989708 0.509343 0.330422
127 0.010292 2.955673 0.981155 0.989708 0.501274 0.156258
128 0.010292 2.955673 0.981155 0.989708 0.503944 0.191168
129 0.010292 2.955673 0.981155 0.989708 0.489779 0.214089
130 0.010292 2.955673 0.981155 0.989708 0.495410 0.183164
131 0.010292 2.955673 0.981155 0.989708 0.491597 0.104468
132 0.010292 2.955673 0.981155 0.989708 0.497343 0.206080
133 0.010292 2.955673 0.981155 0.989708 0.504103 0.282640
134 0.010292 2.955673 0.981155 0.989708 0.515263 0.324942
135 0.010292 2.955673 0.981155 0.989708 0.504423 0.293742
136 0.010292 2.955673 0.981155 0.989708 0.503359 0.082181
137 0.010292 2.955673 0.981155 0.989708 0.498704 0.154798
138 0.010292 2.955673 0.981155 0.989708 0.503197 0.333858
139 0.010292 2.955673 0.981155 0.989708 0.504858 0.368694
140 0.010292 2.955673 0.981155 0.989708 0.496706 0.073136
141 0.010292 2.955673 0.981155 0.989708 0.491280 0.158773
142 0.010292 2.955673 0.981155 0.989708 0.507089 0.251339
143 0.010292 2.955673 0.981155 0.989708 0.497088 0.298185
144 0.010292 2.955673 0.981155 0.989708 0.502803 0.204428
145 0.010292 2.955673 0.981155 0.989708 0.488669 0.132395
146 0.010292 2.955673 0.981155 0.989708 0.504912 0.316361
147 0.010292 2.955673 0.981155 0.989708 0.512799 0.206412
148 0.010292 2.955673 0.981155 0.989708 0.511823 0.406273
149 0.010292 2.955673 0.981155 0.989708 0.496236 0.124689
150 0.010292 2.955673 0.981155 0.989708 0.501779 0.275259
151 0.010292 2.955673 0.981155 0.989708 0.501720 0.312406
152 0.010292 2.955673 0.981155 0.989708 0.499083 0.288354
153 0.010292 2.955673 0.981155 0.989708 0.513355 0.298640
154 0.010292 2.955673 0.981155 0.989708 0.477943 0.117999
155 0.010292 2.955673 0.981155 0.989708 0.499636 0.254710
156 0.010292 2.955673 0.981155 0.989708 0.506535 0.350937
157 0.010292 2.955673 0.981155 0.989708 0.496271 0.308003
158 0.010292 2.955673 0.981155 0.989708 0.490725 0.242856
159 0.010292 2.955673 0.981155 0.989708 0.499661 0.328021
160 0.010292 2.955673 0.981155 0.989708 0.508370 0.203434
161 0.010292 2.955673 0.981155 0.989708 0.490679 0.102212
162 0.010292 2.955673 0.981155 0.989708 0.504650 0.203642
163 0.010292 2.955673 0.981155 0.989708 0.510286 0.415780
164 0.010292 2.955673 0.981155 0.989708 0.504591 0.062824
165 0.010292 2.955673 0.981155 0.989708 0.500171 0.335668
166 0.010292 2.955673 0.981155 0.989708 0.497691 0.186222
167 0.010292 2.955673 0.981155 0.989708 0.506521 0.131822
168 0.010292 2.955673 0.981155 0.989708 0.503438 0.402098
169 0.010292 2.955673 0.981155 0.989708 0.494420 0.107910
170 0.010292 2.955673 0.981155 0.989708 0.506756 0.053139
171 0.010292 2.955673 0.981155 0.989708 0.484216 0.163799
172 0.010292 2.955673 0.981155 0.989708 0.508986 0.223257
173 0.010292 2.955673 0.981155 0.989708 0.500258 0.329474
174 0.010292 2.955673 0.981155 0.989708 0.500955 0.301068
175 0.010292 2.955673 0.981155 0.989708 0.492472 0.102131
176 0.010292 2.955673 0.981155 0.989708 0.492130 0.114796
177 0.010292 2.955673 0.981155 0.989708 0.497099 0.116833
178 0.010292 2.955673 0.981155 0.989708 0.491287 0.215897
179 0.010292 2.955673 0.981155 0.989708 0.507095 0.212015
180 0.010292 2.955673 0.981155 0.989708 0.503765 0.250908
181 0.010292 2.955673 0.981155 0.989708 0.488630 0.115131
182 0.010292 2.955673 0.981155 0.989708 0.489800 0.162050
183 0.010292 2.955673 0.981155 0.989708 0.497325 0.293725
184 0.010292 2.955673 0.981155 0.989708 0.494213 0.145846
185 0.010292 2.955673 0.981155 0.989708 0.506595 0.294978
186 0.010292 2.955673 0.981155 0.989708 0.499700 0.174547
187 0.010292 2.955673 0.981155 0.989708 0.496642 0.360111
188 0.010292 2.955673 0.981155 0.989708 0.495004 0.250877
189 0.010292 2.955673 0.981155 0.989708 0.493218 0.275648
190 0.010292 2.955673 0.981155 0.989708 0.498666 0.369951
191 0.010292 2.955673 0.981155 0.989708 0.487152 0.169507
192 0.010292 2.955673 0.981155 0.989708 0.501892 0.250935
193 0.010292 2.955673 0.981155 0.989708 0.498187 0.060706
194 0.010292 2.955673 0.981155 0.989708 0.511965 0.298477
195 0.010292 2.955673 0.981155 0.989708 0.496521 0.033650
196 0.010292 2.955673 0.981155 0.989708 0.499019 0.158120
197 0.010292 2.955673 0.981155 0.989708 0.509917 0.387375
198 0.010292 2.955673 0.981155 0.989708 0.501867 0.329813
199 0.010292 2.955673 0.981155 0.989708 0.505232 0.408860
200 0.010292 2.955673 0.981155 0.989708 0.511983 0.205091
201 0.010292 2.955673 0.981155 0.989708 0.497164 0.230723
202 0.010292 2.955673 0.981155 0.989708 0.499268 0.172071
203 0.010292 2.955673 0.981155 0.989708 0.509441 0.255114
204 0.010292 2.955673 0.981155 0.989708 0.501728 0.203394
205 0.010292 2.955673 0.981155 0.989708 0.510004 0.203807
206 0.010292 2.955673 0.981155 0.989708 0.506235 0.367362
207 0.010292 2.955673 0.981155 0.989708 0.517751 0.135976
208 0.010292 2.955673 0.981155 0.989708 0.490725 0.134936
209 0.010292 2.955673 0.981155 0.989708 0.498238 0.120786
210 0.010292 2.955673 0.981155 0.989708 0.502618 0.233135
211 0.010292 2.955673 0.981155 0.989708 0.498907 0.219713
212 0.010292 2.955673 0.981155 0.989708 0.485554 0.139774
213 0.010292 2.955673 0.981155 0.989708 0.500071 0.154868
214 0.010292 2.955673 0.981155 0.989708 0.498348 0.174493
215 0.010292 2.955673 0.981155 0.989708 0.497640 0.293242
216 0.010292 2.955673 0.981155 0.989708 0.516527 0.354234
217 0.010292 2.955673 0.981155 0.989708 0.493520 0.067830
218 0.010292 2.955673 0.981155 0.989708 0.512792 0.361954
219 0.010292 2.955673 0.981155 0.989708 0.507030 0.251053
220 0.010292 2.955673 0.981155 0.989708 0.496320 0.209635
221 0.010292 2.955673 0.981155 0.989708 0.493931 0.265499
222 0.010292 2.955673 0.981155 0.989708 0.490257 0.058593
223 0.010292 2.955673 0.981155 0.989708 0.497488 0.237909
224 0.010292 2.955673 0.981155 0.989708 0.517163 0.365657
225 0.010292 2.955673 0.981155 0.989708 0.495002 0.257842
226 0.010292 2.955673 0.981155 0.989708 0.497228 0.252823
227 0.010292 2.955673 0.981155 0.989708 0.493624 0.295670
228 0.010292 2.955673 0.981155 0.989708 0.490719 0.071968
229 0.010292 2.955673 0.981155 0.989708 0.503072 0.341178
230 0.010292 2.955673 0.981155 0.989708 0.502843 0.203610
231 0.010292 2.955673 0.981155 0.989708 0.499324 0.156486
232 0.010292 2.955673 0.981155 0.989708 0.492984 0.165290
233 0.010292 2.955673 0.981155 0.989708 0.495129 0.114760
234 0.010292 2.955673 0.981155 0.989708 0.513653 0.314378
235 0.010292 2.955673 0.981155 0.989708 0.505527 0.316257
236 0.010292 2.955673 0.981155 0.989708 0.506682 0.255224
237 0.010292 2.955673 0.981155 0.989708 0.502413 0.258735
238 0.010292 2.955673 0.981155 0.989708 0.494567 0.239670
239 0.010292 2.955673 0.981155 0.989708 0.490949 0.251068
240 0.010292 2.955673 0.981155 0.989708 0.498933 0.295817
241 0.010292 2.955673 0.981155 0.989708 0.508951 0.329946
242 0.010292 2.955673 0.981155 0.989708 0.496779 0.295461
243 0.010292 2.955673 0.981155 0.989708 0.507155 0.026094
244 0.010292 2.955673 0.981155 0.989708 0.494004 0.060045
245 0.010292 2.955673 0.981155 0.989708 0.496889 0.250886
246 0.010292 2.955673 0.981155 0.989708 0.489666 0.059847
247 0.010292 2.955673 0.981155 0.989708 0.501702 0.130175
248 0.010292 2.955673 0.981155 0.989708 0.496069 0.078008
249 0.010292 2.955673 0.981155 0.989708 0.497968 0.277680
250 0.010292 2.955673 0.981155 0.989708 0.506358 0.408870
251 0.010292 2.955673 0.981155 0.989708 0.492891 0.301503
252 0.010292 2.955673 0.981155 0.989708 0.496904 0.124347
253 0.010292 2.955673 0.981155 0.989708 0.501116 0.355437
254 0.010292 2.955673 0.981155 0.989708 0.508783 0.295687
255 0.010292 2.955673 0.981155 0.989708 0.491658 0.183052
256 0.010292 2.955673 0.981155 0.989708 0.502019 0.262307
257 0.010292 2.955673 0.981155 0.989708 0.496095 0.210667
258 0.010292 2.955673 0.981155 0.989708 0.488974 0.241805
259 0.010292 2.955673 0.981155 0.989708 0.492594 0.199013
260 0.010292 2.955673 0.981155 0.989708 0.502601 0.125211
261 0.010292 2.955673 0.981155 0.989708 0.496984 0.251017
262 0.010292 2.955673 0.981155 0.989708 0.502078 0.271073
263 0.010292 2.955673 0.981155 0.989708 0.495779 0.170321
264 0.010292 2.955673 0.981155 0.989708 0.499078 0.277889
265 0.010292 2.955673 0.981155 0.989708 0.501236 0.223562
266 0.010292 2.955673 0.981155 0.989708 0.492943 0.254455
267 0.010292 2.955673 0.981155 0.989708 0.498262 0.067045
268 0.010292 2.955673 0.981155 0.989708 0.500013 0.154899
269 0.010292 2.955673 0.981155 0.989708 0.509022 0.375495
270 0.010292 2.955673 0.981155 0.989708 0.496812 0.107924
271 0.010292 2.955673 0.981155 0.989708 0.513768 0.342553
272 0.010292 2.955673 0.981155 0.989708 0.494902 0.259777
273 0.010292 2.955673 0.981155 0.989708 0.500517 0.110808
274 0.010292 2.955673 0.981155 0.989708 0.516494 0.181280
275 0.010292 2.955673 0.981155 0.989708 0.497783 0.270991
276 0.010292 2.955673 0.981155 0.989708 0.482317 0.106663
277 0.010292 2.955673 0.981155 0.989708 0.497749 0.252034
278 0.010292 2.955673 0.981155 0.989708 0.491698 0.121867
279 0.010292 2.955673 0.981155 0.989708 0.499587 0.155027
280 0.010292 2.955673 0.981155 0.989708 0.507516 0.203617
281 0.010292 2.955673 0.981155 0.989708 0.500472 0.266386
282 0.010292 2.955673 0.981155 0.989708 0.495301 0.218842
283 0.010292 2.955673 0.981155 0.989708 0.500672 0.287693
284 0.010292 2.955673 0.981155 0.989708 0.503790 0.351029
285 0.010292 2.955673 0.981155 0.989708 0.502383 0.237198
286 0.010292 2.955673 0.981155 0.989708 0.509761 0.251634
287 0.010292 2.955673 0.981155 0.989708 0.495321 0.025478
288 0.010292 2.955673 0.981155 0.989708 0.504241 0.287471
289 0.010292 2.955673 0.981155 0.989708 0.501335 0.249218
290 0.010292 2.955673 0.981155 0.989708 0.491359 0.108305
291 0.010292 2.955673 0.981155 0.989708 0.507918 0.380733
292 0.010292 2.955673 0.981155 0.989708 0.502384 0.246673
293 0.010292 2.955673 0.981155 0.989708 0.489972 0.197191
294 0.010292 2.955673 0.981155 0.989708 0.493446 0.056546
295 0.010292 2.955673 0.981155 0.989708 0.504359 0.155525
296 0.010292 2.955673 0.981155 0.989708 0.503660 0.222404
297 0.010292 2.955673 0.981155 0.989708 0.502927 0.302018
298 0.010292 2.955673 0.981155 0.989708 0.498321 0.293817
299 0.010292 2.955673 0.981155 0.989708 0.508487 0.390700
300 0.010292 2.955673 0.981155 0.989708 0.506552 0.344454
301 0.010292 2.955673 0.981155 0.989708 0.505812 0.209389
302 0.010292 2.955673 0.981155 0.989708 0.497537 0.077664
303 0.010292 2.955673 0.981155 0.989708 0.499100 0.243934
304 0.010292 2.955673 0.981155 0.989708 0.508215 0.364133
305 0.010292 2.955673 0.981155 0.989708 0.510599 0.342460
306 0.010292 2.955673 0.981155 0.989708 0.498930 0.021473
307 0.010292 2.955673 0.981155 0.989708 0.497986 0.060391
308 0.010292 2.955673 0.981155 0.989708 0.499940 0.110282
309 0.010292 2.955673 0.981155 0.989708 0.496436 0.313882
310 0.010292 2.955673 0.981155 0.989708 0.501336 0.303928
311 0.010292 2.955673 0.981155 0.989708 0.499073 0.157912
312 0.010292 2.955673 0.981155 0.989708 0.500731 0.177519
313 0.010292 2.955673 0.981155 0.989708 0.489712 0.077786
314 0.010292 2.955673 0.981155 0.989708 0.494332 0.086399
315 0.010292 2.955673 0.981155 0.989708 0.502837 0.124038
316 0.010292 2.955673 0.981155 0.989708 0.498554 0.251781
317 0.010292 2.955673 0.981155 0.989708 0.502979 0.364826
318 0.010292 2.955673 0.981155 0.989708 0.507810 0.293840
319 0.010292 2.955673 0.981155 0.989708 0.493966 0.132520
320 0.010292 2.955673 0.981155 0.989708 0.507471 0.403342
321 0.010292 2.955673 0.981155 0.989708 0.504871 0.148720
322 0.010292 2.955673 0.981155 0.989708 0.504820 0.205702
323 0.010292 2.955673 0.981155 0.989708 0.506252 0.212638
324 0.010292 2.955673 0.981155 0.989708 0.497486 0.125663
325 0.010292 2.955673 0.981155 0.989708 0.506003 0.337088
326 0.010292 2.955673 0.981155 0.989708 0.506178 0.340928
327 0.010292 2.955673 0.981155 0.989708 0.502957 0.235396
328 0.010292 2.955673 0.981155 0.989708 0.499563 0.344397
329 0.010292 2.955673 0.981155 0.989708 0.498102 0.195641
330 0.010292 2.955673 0.981155 0.989708 0.501483 0.315309
331 0.010292 2.955673 0.981155 0.989708 0.482988 0.164916
332 0.010292 2.955673 0.981155 0.989708 0.481752 0.155943
333 0.010292 2.955673 0.981155 0.989708 0.494783 0.254612
334 0.010292 2.955673 0.981155 0.989708 0.500359 0.098782
335 0.010292 2.955673 0.981155 0.989708 0.492800 0.285557
336 0.010292 2.955673 0.981155 0.989708 0.504087 0.304378
337 0.010292 2.955673 0.981155 0.989708 0.507190 0.389379
338 0.010292 2.955673 0.981155 0.989708 0.492191 0.129522
339 0.010292 2.955673 0.981155 0.989708 0.495066 0.227642
340 0.010292 2.955673 0.981155 0.989708 0.498051 0.336549
341 0.010292 2.955673 0.981155 0.989708 0.512869 0.163361
342 0.010292 2.955673 0.981155 0.989708 0.510923 0.293000
343 0.010292 2.955673 0.981155 0.989708 0.506804 0.289373
344 0.010292 2.955673 0.981155 0.989708 0.501632 0.295451
345 0.010292 2.955673 0.981155 0.989708 0.505147 0.296623
346 0.010292 2.955673 0.981155 0.989708 0.502645 0.029982
347 0.010292 2.955673 0.981155 0.989708 0.509717 0.177390
348 0.010292 2.955673 0.981155 0.989708 0.489413 0.106135
349 0.010292 2.955673 0.981155 0.989708 0.505920 0.261628
350 0.010292 2.955673 0.981155 0.989708 0.496703 0.052656
351 0.010292 2.955673 0.981155 0.989708 0.503336 0.256756
352 0.010292 2.955673 0.981155 0.989708 0.495225 0.031283
353 0.010292 2.955673 0.981155 0.989708 0.499240 0.246779
354 0.010292 2.955673 0.981155 0.989708 0.491583 0.149088
355 0.010292 2.955673 0.981155 0.989708 0.505984 0.344353
356 0.010292 2.955673 0.981155 0.989708 0.514885 0.412442
357 0.010292 2.955673 0.981155 0.989708 0.491467 0.063037
358 0.010292 2.955673 0.981155 0.989708 0.511745 0.398429
359 0.010292 2.955673 0.981155 0.989708 0.500258 0.162512
360 0.010292 2.955673 0.981155 0.989708 0.493459 0.058803
361 0.010292 2.955673 0.981155 0.989708 0.497007 0.124789
362 0.010292 2.955673 0.981155 0.989708 0.507939 0.333852
363 0.010292 2.955673 0.981155 0.989708 0.502749 0.170918
364 0.010292 2.955673 0.981155 0.989708 0.495275 0.166914
365 0.010292 2.955673 0.981155 0.989708 0.498784 0.159150
366 0.010292 2.955673 0.981155 0.989708 0.499199 0.219765
367 0.010292 2.955673 0.981155 0.989708 0.490428 0.209739
368 0.010292 2.955673 0.981155 0.989708 0.504773 0.285978
369 0.010292 2.955673 0.981155 0.989708 0.499388 0.337224
370 0.010292 2.955673 0.981155 0.989708 0.507718 0.113161
371 0.010292 2.955673 0.981155 0.989708 0.502243 0.263885
372 0.010292 2.955673 0.981155 0.989708 0.503066 0.270216
373 0.010292 2.955673 0.981155 0.989708 0.498442 0.162785
374 0.010292 2.955673 0.981155 0.989708 0.497384 0.203415
375 0.010292 2.955673 0.981155 0.989708 0.503695 0.406945
376 0.010292 2.955673 0.981155 0.989708 0.494723 0.149304
377 0.010292 2.955673 0.981155 0.989708 0.491449 0.204466
378 0.010292 2.955673 0.981155 0.989708 0.492999 0.333917
379 0.010292 2.955673 0.981155 0.989708 0.492728 0.152950
380 0.010292 2.955673 0.981155 0.989708 0.507427 0.403885
381 0.010292 2.955673 0.981155 0.989708 0.497855 0.158502
382 0.010292 2.955673 0.981155 0.989708 0.507435 0.335425
383 0.010292 2.955673 0.981155 0.989708 0.507348 0.351665
384 0.010292 2.955673 0.981155 0.989708 0.496254 0.058911
385 0.010292 2.955673 0.981155 0.989708 0.495781 0.186910
386 0.010292 2.955673 0.981155 0.989708 0.504680 0.319650
387 0.010292 2.955673 0.981155 0.989708 0.503528 0.173147
388 0.010292 2.955673 0.981155 0.989708 0.511968 0.319162
389 0.010292 2.955673 0.981155 0.989708 0.495449 0.185276
390 0.010292 2.955673 0.981155 0.989708 0.501475 0.258552
391 0.010292 2.955673 0.981155 0.989708 0.506085 0.106002
392 0.010292 2.955673 0.981155 0.989708 0.500660 0.224379
393 0.010292 2.955673 0.981155 0.989708 0.496618 0.104077
394 0.010292 2.955673 0.981155 0.989708 0.500520 0.335891
395 0.010292 2.955673 0.981155 0.989708 0.494787 0.209672
396 0.010292 2.955673 0.981155 0.989708 0.491494 0.045167
397 0.010292 2.955673 0.981155 0.989708 0.502293 0.405915
398 0.010292 2.955673 0.981155 0.989708 0.496140 0.255638
399 0.010292 2.955673 0.981155 0.989708 0.508375 0.140100
400 0.010292 2.955673 0.981155 0.989708 0.498257 0.339715
401 0.010292 2.955673 0.981155 0.989708 0.498172 0.174047
402 0.010292 2.955673 0.981155 0.989708 0.501887 0.304593
403 0.010292 2.955673 0.981155 0.989708 0.499661 0.251520
404 0.010292 2.955673 0.981155 0.989708 0.487810 0.133117
405 0.010292 2.955673 0.981155 0.989708 0.495682 0.028933
406 0.010292 2.955673 0.981155 0.989708 0.493047 0.262389
407 0.010292 2.955673 0.981155 0.989708 0.496507 0.248600
408 0.010292 2.955673 0.981155 0.989708 0.495239 0.331166
409 0.010292 2.955673 0.981155 0.989708 0.498662 0.154973
410 0.010292 2.955673 0.981155 0.989708 0.502335 0.224662
411 0.010292 2.955673 0.981155 0.989708 0.498292 0.165415
412 0.010292 2.955673 0.981155 0.989708 0.514028 0.225369
413 0.010292 2.955673 0.981155 0.989708 0.499799 0.028903
414 0.010292 2.955673 0.981155 0.989708 0.498948 0.167002
415 0.010292 2.955673 0.981155 0.989708 0.502051 0.332410
416 0.010292 2.955673 0.981155 0.989708 0.497688 0.300199
417 0.010292 2.955673 0.981155 0.989708 0.500433 0.395299
418 0.010292 2.955673 0.981155 0.989708 0.496791 0.361379
419 0.010007 -1.295491 2.839704 0.989993 0.510477 0.271007
420 0.010007 -1.295491 2.839704 0.989993 0.496604 0.121101
421 0.010007 -1.295491 2.839704 0.989993 0.497001 0.168807
422 0.010007 -1.295491 2.839704 0.989993 0.489068 0.128822
423 0.010007 -1.295491 2.839704 0.989993 0.498115 0.165657
424 0.010007 -1.295491 2.839704 0.989993 0.501077 0.072213
425 0.010007 -1.295491 2.839704 0.989993 0.490783 0.204565
426 0.010007 -1.295491 2.839704 0.989993 0.489866 0.097196
427 0.010007 -1.295491 2.839704 0.989993 0.497985 0.282354
428 0.010007 -1.295491 2.839704 0.989993 0.502212 0.297448
429 0.010007 -1.295491 2.839704 0.989993 0.517696 0.386996
430 0.010007 -1.295491 2.839704 0.989993 0.503449 0.294312
431 0.010007 -1.295491 2.839704 0.989993 0.500692 0.233259
432 0.010007 -1.295491 2.839704 0.989993 0.500461 0.291898
433 0.010007 -1.295491 2.839704 0.989993 0.496237 0.060023
434 0.010007 -1.295491 2.839704 0.989993 0.506525 0.340385
435 0.010007 -1.295491 2.839704 0.989993 0.505153 0.422602
436 0.010007 -1.295491 2.839704 0.989993 0.503027 0.205288
437 0.010007 -1.295491 2.839704 0.989993 0.505381 0.315753
438 0.010007 -1.295491 2.839704 0.989993 0.505418 0.172069
439 0.010007 -1.295491 2.839704 0.989993 0.511071 0.374128
440 0.010007 -1.295491 2.839704 0.989993 0.497869 0.080532
441 0.010007 -1.295491 2.839704 0.989993 0.498049 0.234970
442 0.010007 -1.295491 2.839704 0.989993 0.501600 0.389141
443 0.010007 -1.295491 2.839704 0.989993 0.512116 0.384952
444 0.010007 -1.295491 2.839704 0.989993 0.500437 0.296296
445 0.010007 -1.295491 2.839704 0.989993 0.491409 0.091636
446 0.010007 -1.295491 2.839704 0.989993 0.498744 0.237737
447 0.010007 -1.295491 2.839704 0.989993 0.505852 0.325489
448 0.010007 -1.295491 2.839704 0.989993 0.506761 0.372675
449 0.010007 -1.295491 2.839704 0.989993 0.503037 0.105956
450 0.010007 -1.295491 2.839704 0.989993 0.500803 0.107261
451 0.010007 -1.295491 2.839704 0.989993 0.493649 0.265430
452 0.010007 -1.295491 2.839704 0.989993 0.502175 0.163726
453 0.010007 -1.295491 2.839704 0.989993 0.516199 0.252310
454 0.010007 -1.295491 2.839704 0.989993 0.503013 0.210415
455 0.010007 -1.295491 2.839704 0.989993 0.491033 0.181635
456 0.010007 -1.295491 2.839704 0.989993 0.503214 0.152785
457 0.010007 -1.295491 2.839704 0.989993 0.501044 0.176858
458 0.010007 -1.295491 2.839704 0.989993 0.499397 0.135438
459 0.010007 -1.295491 2.839704 0.989993 0.499273 0.153870
460 0.010007 -1.295491 2.839704 0.989993 0.511851 0.203335
461 0.010007 -1.295491 2.839704 0.989993 0.512880 0.302550
462 0.010007 -1.295491 2.839704 0.989993 0.502401 0.131333
463 0.010007 -1.295491 2.839704 0.989993 0.499832 0.243740
464 0.010007 -1.295491 2.839704 0.989993 0.510745 0.300894
465 0.010007 -1.295491 2.839704 0.989993 0.498757 0.312776
466 0.010007 -1.295491 2.839704 0.989993 0.495609 0.122422
467 0.010007 -1.295491 2.839704 0.989993 0.507929 0.339558
468 0.010007 -1.295491 2.839704 0.989993 0.493697 0.252722
469 0.010007 -1.295491 2.839704 0.989993 0.502813 0.206217
470 0.010007 -1.295491 2.839704 0.989993 0.502179 0.166937
471 0.010007 -1.295491 2.839704 0.989993 0.495109 0.123826
472 0.010007 -1.295491 2.839704 0.989993 0.500029 0.162212
473 0.010007 -1.295491 2.839704 0.989993 0.493696 0.154011
474 0.010007 -1.295491 2.839704 0.989993 0.497830 0.128880
475 0.010007 -1.295491 2.839704 0.989993 0.507848 0.362287
476 0.010007 -1.295491 2.839704 0.989993 0.491128 0.125140
477 0.010007 -1.295491 2.839704 0.989993 0.499525 0.203492
478 0.010007 -1.295491 2.839704 0.989993 0.503122 0.286432
479 0.010007 -1.295491 2.839704 0.989993 0.506222 0.190781
480 0.010007 -1.295491 2.839704 0.989993 0.494851 0.247901
481 0.010007 -1.295491 2.839704 0.989993 0.504613 0.350209
482 0.010007 -1.295491 2.839704 0.989993 0.496108 0.122120
483 0.010007 -1.295491 2.839704 0.989993 0.501554 0.064764
484 0.010007 -1.295491 2.839704 0.989993 0.501124 0.250949
485 0.010007 -1.295491 2.839704 0.989993 0.499952 0.058049
486 0.010007 -1.295491 2.839704 0.989993 0.506071 0.254226
487 0.010007 -1.295491 2.839704 0.989993 0.506212 0.240679
488 0.010007 -1.295491 2.839704 0.989993 0.488989 0.196946
489 0.010007 -1.295491 2.839704 0.989993 0.500889 0.049872
490 0.010007 -1.295491 2.839704 0.989993 0.496920 0.082410
491 0.010007 -1.295491 2.839704 0.989993 0.497056 0.033138
492 0.010007 -1.295491 2.839704 0.989993 0.509122 0.296515
493 0.010007 -1.295491 2.839704 0.989993 0.498928 0.151977
494 0.010007 -1.295491 2.839704 0.989993 0.495563 0.056369
495 0.010007 -1.295491 2.839704 0.989993 0.503107 0.360407
496 0.010007 -1.295491 2.839704 0.989993 0.510359 0.247518
497 0.010007 -1.295491 2.839704 0.989993 0.503614 0.204814
498 0.010007 -1.295491 2.839704 0.989993 0.484735 0.061419
499 0.010007 -1.295491 2.839704 0.989993 0.483761 0.158383
