Lp  F6        x1       x2        Ocena     Średni    Najgorszy
0 0.012889 -3.181506 0.297551 0.987111 0.502266 0.025356
1 0.012889 -3.181506 0.297551 0.987111 0.501857 0.023082
2 0.012889 -3.181506 0.297551 0.987111 0.498557 0.021489
3 0.012889 -3.181506 0.297551 0.987111 0.493492 0.044214
4 0.012889 -3.181506 0.297551 0.987111 0.499187 0.031222
5 0.012889 -3.181506 0.297551 0.987111 0.523611 0.022638
6 0.012889 -3.181506 0.297551 0.987111 0.519991 0.110384
7 0.009731 -3.132677 0.108339 0.990269 0.543629 0.054712
8 0.009728 -3.132677 0.120546 0.990272 0.517130 0.021591
9 0.009728 -3.132677 0.120546 0.990272 0.505461 0.027293
10 0.009728 -3.132677 0.120546 0.990272 0.531552 0.021854
11 0.009728 -3.132677 0.120546 0.990272 0.495740 0.031965
12 0.009728 -3.132677 0.120546 0.990272 0.534468 0.103275
13 0.009728 -3.132677 0.120546 0.990272 0.521915 0.115915
14 0.009728 -3.132677 0.120546 0.990272 0.498244 0.021775
15 0.009716 -0.187686 3.132677 0.990284 0.530614 0.026564
16 0.009716 -0.187686 3.132677 0.990284 0.514550 0.026434
17 0.009716 -0.187686 3.132677 0.990284 0.519766 0.021612
18 0.009716 -0.187686 3.132677 0.990284 0.514027 0.103642
19 0.009716 -0.187686 3.132677 0.990284 0.515547 0.024193
20 0.009716 -0.187686 3.132677 0.990284 0.507101 0.022049
21 0.009716 -0.187686 3.132677 0.990284 0.516048 0.021599
22 0.009716 -0.187686 3.132677 0.990284 0.548543 0.072183
23 0.009716 -0.187686 3.132677 0.990284 0.521076 0.027438
24 0.009716 -0.187686 3.132677 0.990284 0.529873 0.032038
25 0.009716 -0.187686 3.132677 0.990284 0.561463 0.061682
26 0.009716 -0.187686 3.132677 0.990284 0.525961 0.021505
27 0.009716 -0.187686 3.132677 0.990284 0.525898 0.026729
28 0.009716 -0.187686 3.132677 0.990284 0.497814 0.092984
29 0.002538 -0.001526 0.050355 0.997462 0.496415 0.028752
30 0.002538 -0.001526 0.050355 0.997462 0.553670 0.010876
31 0.002538 -0.001526 0.050355 0.997462 0.528183 0.026721
32 0.002538 -0.001526 0.050355 0.997462 0.534307 0.089622
33 0.002538 -0.001526 0.050355 0.997462 0.502198 0.084008
34 0.002538 -0.001526 0.050355 0.997462 0.515609 0.028301
35 0.002538 -0.001526 0.050355 0.997462 0.515867 0.021782
36 0.002538 -0.001526 0.050355 0.997462 0.525334 0.028661
37 0.002538 -0.001526 0.050355 0.997462 0.512437 0.043438
38 0.002538 -0.001526 0.050355 0.997462 0.526631 0.114884
39 0.002538 -0.001526 0.050355 0.997462 0.508566 0.021537
40 0.002538 -0.001526 0.050355 0.997462 0.529858 0.073879
41 0.002538 -0.001526 0.050355 0.997462 0.506892 0.025438
42 0.002538 -0.001526 0.050355 0.997462 0.523488 0.117305
43 0.002538 -0.001526 0.050355 0.997462 0.526974 0.029240
44 0.002538 -0.001526 0.050355 0.997462 0.513187 0.033166
45 0.002538 -0.001526 0.050355 0.997462 0.532027 0.017791
46 0.002538 -0.001526 0.050355 0.997462 0.522951 0.125824
47 0.002538 -0.001526 0.050355 0.997462 0.534368 0.003466
48 0.002538 -0.001526 0.050355 0.997462 0.540524 0.040407
49 0.002538 -0.001526 0.050355 0.997462 0.517673 0.060741
50 0.002538 -0.001526 0.050355 0.997462 0.514213 0.056367
51 0.002538 -0.001526 0.050355 0.997462 0.540537 0.026052
52 0.002538 -0.001526 0.050355 0.997462 0.508697 0.014179
53 0.002538 -0.001526 0.050355 0.997462 0.549477 0.068737
54 0.002538 -0.001526 0.050355 0.997462 0.509983 0.075227
55 0.002538 -0.001526 0.050355 0.997462 0.537902 0.156275
56 0.002538 -0.001526 0.050355 0.997462 0.516426 0.038775
57 0.002538 -0.001526 0.050355 0.997462 0.488992 0.074424
58 0.002538 -0.001526 0.050355 0.997462 0.528552 0.112730
59 0.002538 -0.001526 0.050355 0.997462 0.532462 0.022694
60 0.002538 -0.001526 0.050355 0.997462 0.516780 0.002905
61 0.002538 -0.001526 0.050355 0.997462 0.521430 0.080549
62 0.002538 -0.001526 0.050355 0.997462 0.527757 0.039830
63 0.002538 -0.001526 0.050355 0.997462 0.530488 0.041889
64 0.002538 -0.001526 0.050355 0.997462 0.541766 0.058043
65 0.002538 -0.001526 0.050355 0.997462 0.525929 0.074732
66 0.002538 -0.001526 0.050355 0.997462 0.507725 0.016448
67 0.002538 -0.001526 0.050355 0.997462 0.554438 0.077046
68 0.002538 -0.001526 0.050355 0.997462 0.516223 0.033473
69 0.002538 -0.001526 0.050355 0.997462 0.502338 0.168887
70 0.002538 -0.001526 0.050355 0.997462 0.518104 0.021539
71 0.002538 -0.001526 0.050355 0.997462 0.518038 0.105213
72 0.002538 -0.001526 0.050355 0.997462 0.508600 0.027362
73 0.002538 -0.001526 0.050355 0.997462 0.514175 0.067447
74 0.002538 -0.001526 0.050355 0.997462 0.531940 0.086007
75 0.002538 -0.001526 0.050355 0.997462 0.514204 0.137806
76 0.002538 -0.001526 0.050355 0.997462 0.526551 0.098955
77 0.002538 -0.001526 0.050355 0.997462 0.516908 0.152727
78 0.002538 -0.001526 0.050355 0.997462 0.526675 0.186467
79 0.002538 -0.001526 0.050355 0.997462 0.499287 0.026554
80 0.002538 -0.001526 0.050355 0.997462 0.535013 0.083952
81 0.002538 -0.001526 0.050355 0.997462 0.523668 0.031479
82 0.002538 -0.001526 0.050355 0.997462 0.516683 0.092457
83 0.002538 -0.001526 0.050355 0.997462 0.523809 0.025679
84 0.002538 -0.001526 0.050355 0.997462 0.521875 0.072661
85 0.002538 -0.001526 0.050355 0.997462 0.540387 0.008054
86 0.002538 -0.001526 0.050355 0.997462 0.504173 0.012328
87 0.002538 -0.001526 0.050355 0.997462 0.520801 0.153053
88 0.002538 -0.001526 0.050355 0.997462 0.496923 0.026593
89 0.002538 -0.001526 0.050355 0.997462 0.525055 0.116875
90 0.002538 -0.001526 0.050355 0.997462 0.534874 0.032549
91 0.002538 -0.001526 0.050355 0.997462 0.491689 0.019516
92 0.002538 -0.001526 0.050355 0.997462 0.512241 0.021842
93 0.002538 -0.001526 0.050355 0.997462 0.491973 0.040932
94 0.002538 -0.001526 0.050355 0.997462 0.524297 0.017601
95 0.002538 -0.001526 0.050355 0.997462 0.520233 0.003023
96 0.002538 -0.001526 0.050355 0.997462 0.522850 0.003937
97 0.002538 -0.001526 0.050355 0.997462 0.508747 0.013634
98 0.002538 -0.001526 0.050355 0.997462 0.518878 0.060465
99 0.002538 -0.001526 0.050355 0.997462 0.502950 0.079235
100 0.002538 -0.001526 0.050355 0.997462 0.521634 0.014518
101 0.002538 -0.001526 0.050355 0.997462 0.499239 0.024448
102 0.002538 -0.001526 0.050355 0.997462 0.528259 0.118735
103 0.002538 -0.001526 0.050355 0.997462 0.526572 0.124215
104 0.002538 -0.001526 0.050355 0.997462 0.524964 0.023028
105 0.000545 -0.022889 -0.004578 0.999455 0.525511 0.003417
106 0.000545 -0.022889 -0.004578 0.999455 0.542236 0.002662
107 0.000545 -0.022889 -0.004578 0.999455 0.517092 0.014670
108 0.000545 -0.022889 -0.004578 0.999455 0.513204 0.008970
109 0.000545 -0.022889 -0.004578 0.999455 0.515603 0.152603
110 0.000545 -0.022889 -0.004578 0.999455 0.522111 0.060742
111 0.000545 -0.022889 -0.004578 0.999455 0.510207 0.061627
112 0.000545 -0.022889 -0.004578 0.999455 0.525890 0.149091
113 0.000545 -0.022889 -0.004578 0.999455 0.523459 0.101721
114 0.000545 -0.022889 -0.004578 0.999455 0.487960 0.003895
115 0.000545 -0.022889 -0.004578 0.999455 0.526398 0.024441
116 0.000545 -0.022889 -0.004578 0.999455 0.534795 0.031458
117 0.000545 -0.022889 -0.004578 0.999455 0.535601 0.022059
118 0.000545 -0.022889 -0.004578 0.999455 0.524870 0.122241
119 0.000545 -0.022889 -0.004578 0.999455 0.554331 0.023152
120 0.000545 -0.022889 -0.004578 0.999455 0.520864 0.027626
121 0.000545 -0.022889 -0.004578 0.999455 0.516054 0.041513
122 0.000545 -0.022889 -0.004578 0.999455 0.514471 0.048248
123 0.000545 -0.022889 -0.004578 0.999455 0.517839 0.136035
124 0.000545 -0.022889 -0.004578 0.999455 0.543253 0.183132
125 0.000545 -0.022889 -0.004578 0.999455 0.534932 0.078706
126 0.000545 -0.022889 -0.004578 0.999455 0.503178 0.025147
127 0.000545 -0.022889 -0.004578 0.999455 0.492515 0.036227
128 0.000545 -0.022889 -0.004578 0.999455 0.519886 0.021803
129 0.000545 -0.022889 -0.004578 0.999455 0.554494 0.062133
130 0.000545 -0.022889 -0.004578 0.999455 0.499830 0.058520
131 0.000545 -0.022889 -0.004578 0.999455 0.552552 0.264522
132 0.000545 -0.022889 -0.004578 0.999455 0.502045 0.071175
133 0.000545 -0.022889 -0.004578 0.999455 0.503467 0.034922
134 0.000545 -0.022889 -0.004578 0.999455 0.537808 0.058064
135 0.000545 -0.022889 -0.004578 0.999455 0.535503 0.112109
136 0.000545 -0.022889 -0.004578 0.999455 0.516751 0.037694
137 0.000545 -0.022889 -0.004578 0.999455 0.498990 0.021553
138 0.000545 -0.022889 -0.004578 0.999455 0.481010 0.021506
139 0.000545 -0.022889 -0.004578 0.999455 0.545529 0.104413
140 0.000545 -0.022889 -0.004578 0.999455 0.523574 0.039806
141 0.000545 -0.022889 -0.004578 0.999455 0.508266 0.026274
142 0.000545 -0.022889 -0.004578 0.999455 0.532050 0.104373
143 0.000545 -0.022889 -0.004578 0.999455 0.522937 0.025700
144 0.000545 -0.022889 -0.004578 0.999455 0.533578 0.078921
145 0.000545 -0.022889 -0.004578 0.999455 0.515691 0.020929
146 0.000545 -0.022889 -0.004578 0.999455 0.483181 0.034746
147 0.000545 -0.022889 -0.004578 0.999455 0.502155 0.065453
148 0.000545 -0.022889 -0.004578 0.999455 0.502884 0.012078
149 0.000545 -0.022889 -0.004578 0.999455 0.537854 0.030726
150 0.000545 -0.022889 -0.004578 0.999455 0.532211 0.033897
151 0.000545 -0.022889 -0.004578 0.999455 0.515460 0.025677
152 0.000545 -0.022889 -0.004578 0.999455 0.501049 0.004146
153 0.000545 -0.022889 -0.004578 0.999455 0.521025 0.104589
154 0.000545 -0.022889 -0.004578 0.999455 0.531896 0.049098
155 0.000545 -0.022889 -0.004578 0.999455 0.504643 0.021477
156 0.000545 -0.022889 -0.004578 0.999455 0.556417 0.010263
157 0.000545 -0.022889 -0.004578 0.999455 0.521997 0.014607
158 0.000545 -0.022889 -0.004578 0.999455 0.519772 0.198555
159 0.000545 -0.022889 -0.004578 0.999455 0.518744 0.079666
160 0.000545 -0.022889 -0.004578 0.999455 0.503901 0.039022
161 0.000545 -0.022889 -0.004578 0.999455 0.512850 0.156387
162 0.000545 -0.022889 -0.004578 0.999455 0.485442 0.007775
163 0.000545 -0.022889 -0.004578 0.999455 0.493447 0.031672
164 0.000545 -0.022889 -0.004578 0.999455 0.496800 0.021472
165 0.000545 -0.022889 -0.004578 0.999455 0.490536 0.010970
166 0.000545 -0.022889 -0.004578 0.999455 0.503125 0.008497
167 0.000545 -0.022889 -0.004578 0.999455 0.521946 0.225139
168 0.000545 -0.022889 -0.004578 0.999455 0.500507 0.057436
169 0.000545 -0.022889 -0.004578 0.999455 0.517348 0.022486
170 0.000545 -0.022889 -0.004578 0.999455 0.492304 0.012308
171 0.000545 -0.022889 -0.004578 0.999455 0.536657 0.050890
172 0.000545 -0.022889 -0.004578 0.999455 0.538470 0.067906
173 0.000545 -0.022889 -0.004578 0.999455 0.508240 0.011741
174 0.000545 -0.022889 -0.004578 0.999455 0.488918 0.006352
175 0.000545 -0.022889 -0.004578 0.999455 0.532712 0.077328
176 0.000545 -0.022889 -0.004578 0.999455 0.483913 0.003000
177 0.000545 -0.022889 -0.004578 0.999455 0.501334 0.031725
178 0.000545 -0.022889 -0.004578 0.999455 0.493106 0.002457
179 0.000545 -0.022889 -0.004578 0.999455 0.509932 0.042939
180 0.000545 -0.022889 -0.004578 0.999455 0.501469 0.035848
181 0.000545 -0.022889 -0.004578 0.999455 0.511364 0.021751
182 0.000545 -0.022889 -0.004578 0.999455 0.501572 0.078633
183 0.000545 -0.022889 -0.004578 0.999455 0.520261 0.026505
184 0.000545 -0.022889 -0.004578 0.999455 0.537371 0.022105
185 0.000545 -0.022889 -0.004578 0.999455 0.500340 0.017310
186 0.000545 -0.022889 -0.004578 0.999455 0.512013 0.047213
187 0.000545 -0.022889 -0.004578 0.999455 0.474903 0.026846
188 0.000545 -0.022889 -0.004578 0.999455 0.474085 0.037919
189 0.000545 -0.022889 -0.004578 0.999455 0.531720 0.113236
190 0.000545 -0.022889 -0.004578 0.999455 0.500625 0.027728
191 0.000545 -0.022889 -0.004578 0.999455 0.519038 0.066342
192 0.000545 -0.022889 -0.004578 0.999455 0.517275 0.059771
193 0.000545 -0.022889 -0.004578 0.999455 0.515570 0.048229
194 0.000545 -0.022889 -0.004578 0.999455 0.537032 0.226130
195 0.000545 -0.022889 -0.004578 0.999455 0.521948 0.015580
196 0.000545 -0.022889 -0.004578 0.999455 0.502674 0.057148
197 0.000545 -0.022889 -0.004578 0.999455 0.529081 0.057834
198 0.000545 -0.022889 -0.004578 0.999455 0.501368 0.004559
199 0.000545 -0.022889 -0.004578 0.999455 0.479685 0.048584
200 0.000545 -0.022889 -0.004578 0.999455 0.516984 0.032224
201 0.000545 -0.022889 -0.004578 0.999455 0.487597 0.002457
202 0.000545 -0.022889 -0.004578 0.999455 0.532155 0.202380
203 0.000545 -0.022889 -0.004578 0.999455 0.531640 0.077530
204 0.000545 -0.022889 -0.004578 0.999455 0.512347 0.016477
205 0.000545 -0.022889 -0.004578 0.999455 0.500253 0.056394
206 0.000545 -0.022889 -0.004578 0.999455 0.518610 0.067448
207 0.000545 -0.022889 -0.004578 0.999455 0.529620 0.132986
208 0.000545 -0.022889 -0.004578 0.999455 0.498252 0.069145
209 0.000545 -0.022889 -0.004578 0.999455 0.510312 0.011238
210 0.000545 -0.022889 -0.004578 0.999455 0.517721 0.114667
211 0.000545 -0.022889 -0.004578 0.999455 0.487370 0.056402
212 0.000545 -0.022889 -0.004578 0.999455 0.528344 0.023161
213 0.000545 -0.022889 -0.004578 0.999455 0.529976 0.035199
214 0.000545 -0.022889 -0.004578 0.999455 0.512679 0.059757
215 0.000545 -0.022889 -0.004578 0.999455 0.509166 0.056607
216 0.000545 -0.022889 -0.004578 0.999455 0.482011 0.049619
217 0.000545 -0.022889 -0.004578 0.999455 0.523009 0.105045
218 0.000545 -0.022889 -0.004578 0.999455 0.511920 0.027511
219 0.000545 -0.022889 -0.004578 0.999455 0.539747 0.002907
220 0.000545 -0.022889 -0.004578 0.999455 0.544146 0.026549
221 0.000545 -0.022889 -0.004578 0.999455 0.527425 0.014111
222 0.000545 -0.022889 -0.004578 0.999455 0.470083 0.022821
223 0.000545 -0.022889 -0.004578 0.999455 0.496269 0.021747
224 0.000545 -0.022889 -0.004578 0.999455 0.529824 0.024248
225 0.000545 -0.022889 -0.004578 0.999455 0.528914 0.026313
226 0.000545 -0.022889 -0.004578 0.999455 0.529100 0.045768
227 0.000545 -0.022889 -0.004578 0.999455 0.513979 0.022867
228 0.000545 -0.022889 -0.004578 0.999455 0.531289 0.068989
229 0.000545 -0.022889 -0.004578 0.999455 0.515333 0.069112
230 0.000545 -0.022889 -0.004578 0.999455 0.499583 0.024470
231 0.000545 -0.022889 -0.004578 0.999455 0.510091 0.057670
232 0.000545 -0.022889 -0.004578 0.999455 0.496956 0.002998
233 0.000545 -0.022889 -0.004578 0.999455 0.506507 0.007506
234 0.000545 -0.022889 -0.004578 0.999455 0.507636 0.028437
235 0.000545 -0.022889 -0.004578 0.999455 0.530177 0.169100
236 0.000545 -0.022889 -0.004578 0.999455 0.533338 0.206197
237 0.000545 -0.022889 -0.004578 0.999455 0.536585 0.167223
238 0.000545 -0.022889 -0.004578 0.999455 0.518216 0.132012
239 0.000545 -0.022889 -0.004578 0.999455 0.505484 0.041118
240 0.000545 -0.022889 -0.004578 0.999455 0.534814 0.057609
241 0.000545 -0.022889 -0.004578 0.999455 0.549005 0.121023
242 0.000545 -0.022889 -0.004578 0.999455 0.499455 0.121748
243 0.000545 -0.022889 -0.004578 0.999455 0.513283 0.056827
244 0.000545 -0.022889 -0.004578 0.999455 0.522378 0.152441
245 0.000545 -0.022889 -0.004578 0.999455 0.532653 0.098456
246 0.000545 -0.022889 -0.004578 0.999455 0.529412 0.058639
247 0.000545 -0.022889 -0.004578 0.999455 0.534102 0.087032
248 0.000545 -0.022889 -0.004578 0.999455 0.499047 0.081700
249 0.000545 -0.022889 -0.004578 0.999455 0.532947 0.024022
250 0.000545 -0.022889 -0.004578 0.999455 0.518846 0.010397
251 0.000545 -0.022889 -0.004578 0.999455 0.532606 0.009062
252 0.000545 -0.022889 -0.004578 0.999455 0.504295 0.066317
253 0.000545 -0.022889 -0.004578 0.999455 0.514779 0.022842
254 0.000545 -0.022889 -0.004578 0.999455 0.514363 0.015947
255 0.000545 -0.022889 -0.004578 0.999455 0.536946 0.023312
256 0.000545 -0.022889 -0.004578 0.999455 0.535547 0.090537
257 0.000545 -0.022889 -0.004578 0.999455 0.509523 0.021657
258 0.000545 -0.022889 -0.004578 0.999455 0.480946 0.057513
259 0.000545 -0.022889 -0.004578 0.999455 0.510486 0.019945
260 0.000545 -0.022889 -0.004578 0.999455 0.510782 0.060032
261 0.000545 -0.022889 -0.004578 0.999455 0.518569 0.021363
262 0.000545 -0.022889 -0.004578 0.999455 0.541971 0.071997
263 0.000545 -0.022889 -0.004578 0.999455 0.503607 0.003440
264 0.000545 -0.022889 -0.004578 0.999455 0.515525 0.021838
265 0.000545 -0.022889 -0.004578 0.999455 0.513284 0.023797
266 0.000545 -0.022889 -0.004578 0.999455 0.503942 0.014035
267 0.000545 -0.022889 -0.004578 0.999455 0.503177 0.056523
268 0.000545 -0.022889 -0.004578 0.999455 0.530504 0.040100
269 0.000545 -0.022889 -0.004578 0.999455 0.498195 0.044381
270 0.000545 -0.022889 -0.004578 0.999455 0.530898 0.051167
271 0.000545 -0.022889 -0.004578 0.999455 0.513593 0.076356
272 0.000545 -0.022889 -0.004578 0.999455 0.515398 0.054783
273 0.000545 -0.022889 -0.004578 0.999455 0.501582 0.003657
274 0.000545 -0.022889 -0.004578 0.999455 0.520151 0.003652
275 0.000545 -0.022889 -0.004578 0.999455 0.503794 0.058631
276 0.000545 -0.022889 -0.004578 0.999455 0.513085 0.028950
277 0.000545 -0.022889 -0.004578 0.999455 0.537188 0.125902
278 0.000545 -0.022889 -0.004578 0.999455 0.514146 0.023244
279 0.000545 -0.022889 -0.004578 0.999455 0.506786 0.016391
280 0.000545 -0.022889 -0.004578 0.999455 0.511093 0.010699
281 0.000545 -0.022889 -0.004578 0.999455 0.507266 0.024876
282 0.000545 -0.022889 -0.004578 0.999455 0.511310 0.024709
283 0.000545 -0.022889 -0.004578 0.999455 0.529373 0.022041
284 0.000545 -0.022889 -0.004578 0.999455 0.527421 0.020723
285 0.000545 -0.022889 -0.004578 0.999455 0.492518 0.043278
286 0.000545 -0.022889 -0.004578 0.999455 0.507617 0.002929
287 0.000545 -0.022889 -0.004578 0.999455 0.486699 0.060762
288 0.000545 -0.022889 -0.004578 0.999455 0.510948 0.021612
289 0.000545 -0.022889 -0.004578 0.999455 0.510699 0.036304
290 0.000545 -0.022889 -0.004578 0.999455 0.528734 0.136663
291 0.000545 -0.022889 -0.004578 0.999455 0.495591 0.062941
292 0.000545 -0.022889 -0.004578 0.999455 0.520041 0.210793
293 0.000545 -0.022889 -0.004578 0.999455 0.530223 0.026706
294 0.000545 -0.022889 -0.004578 0.999455 0.503732 0.061891
295 0.000545 -0.022889 -0.004578 0.999455 0.514170 0.056466
296 0.000545 -0.022889 -0.004578 0.999455 0.529689 0.087814
297 0.000545 -0.022889 -0.004578 0.999455 0.535442 0.120563
298 0.000545 -0.022889 -0.004578 0.999455 0.492543 0.058494
299 0.000545 -0.022889 -0.004578 0.999455 0.530380 0.160681
300 0.000545 -0.022889 -0.004578 0.999455 0.530737 0.268085
301 0.000545 -0.022889 -0.004578 0.999455 0.529851 0.028350
302 0.000545 -0.022889 -0.004578 0.999455 0.530855 0.072392
303 0.000545 -0.022889 -0.004578 0.999455 0.533718 0.021747
304 0.000545 -0.022889 -0.004578 0.999455 0.563900 0.092321
305 0.000545 -0.022889 -0.004578 0.999455 0.505931 0.030785
306 0.000545 -0.022889 -0.004578 0.999455 0.553039 0.022660
307 0.000545 -0.022889 -0.004578 0.999455 0.552919 0.035640
308 0.000545 -0.022889 -0.004578 0.999455 0.548975 0.003099
309 0.000545 -0.022889 -0.004578 0.999455 0.535940 0.011029
310 0.000545 -0.022889 -0.004578 0.999455 0.497930 0.005559
311 0.000545 -0.022889 -0.004578 0.999455 0.522531 0.033612
312 0.000545 -0.022889 -0.004578 0.999455 0.544671 0.145831
313 0.000545 -0.022889 -0.004578 0.999455 0.516481 0.106037
314 0.000545 -0.022889 -0.004578 0.999455 0.509927 0.048720
315 0.000545 -0.022889 -0.004578 0.999455 0.506822 0.025940
316 0.000545 -0.022889 -0.004578 0.999455 0.515490 0.065624
317 0.000545 -0.022889 -0.004578 0.999455 0.518266 0.016114
318 0.000545 -0.022889 -0.004578 0.999455 0.536935 0.061117
319 0.000545 -0.022889 -0.004578 0.999455 0.498198 0.029441
320 0.000545 -0.022889 -0.004578 0.999455 0.513442 0.029569
321 0.000545 -0.022889 -0.004578 0.999455 0.518804 0.039773
322 0.000545 -0.022889 -0.004578 0.999455 0.524716 0.005380
323 0.000545 -0.022889 -0.004578 0.999455 0.524796 0.023318
324 0.000545 -0.022889 -0.004578 0.999455 0.505424 0.023043
325 0.000545 -0.022889 -0.004578 0.999455 0.519058 0.159267
326 0.000545 -0.022889 -0.004578 0.999455 0.510797 0.057543
327 0.000545 -0.022889 -0.004578 0.999455 0.519957 0.190894
328 0.000545 -0.022889 -0.004578 0.999455 0.557754 0.227001
329 0.000545 -0.022889 -0.004578 0.999455 0.530075 0.063285
330 0.000545 -0.022889 -0.004578 0.999455 0.513657 0.232985
331 0.000545 -0.022889 -0.004578 0.999455 0.521761 0.073459
332 0.000545 -0.022889 -0.004578 0.999455 0.514195 0.111397
333 0.000545 -0.022889 -0.004578 0.999455 0.529095 0.211732
334 0.000545 -0.022889 -0.004578 0.999455 0.533126 0.204750
335 0.000545 -0.022889 -0.004578 0.999455 0.497945 0.022352
336 0.000545 -0.022889 -0.004578 0.999455 0.490522 0.004237
337 0.000545 -0.022889 -0.004578 0.999455 0.509394 0.033968
338 0.000545 -0.022889 -0.004578 0.999455 0.519753 0.218184
339 0.000545 -0.022889 -0.004578 0.999455 0.530256 0.031131
340 0.000545 -0.022889 -0.004578 0.999455 0.506727 0.029019
341 0.000545 -0.022889 -0.004578 0.999455 0.541333 0.063069
342 0.000545 -0.022889 -0.004578 0.999455 0.492424 0.002457
343 0.000545 -0.022889 -0.004578 0.999455 0.530627 0.024203
344 0.000545 -0.022889 -0.004578 0.999455 0.486939 0.131138
345 0.000545 -0.022889 -0.004578 0.999455 0.534508 0.103975
346 0.000545 -0.022889 -0.004578 0.999455 0.495255 0.066237
347 0.000545 -0.022889 -0.004578 0.999455 0.529591 0.016985
348 0.000545 -0.022889 -0.004578 0.999455 0.506735 0.005459
349 0.000545 -0.022889 -0.004578 0.999455 0.530163 0.056508
350 0.000545 -0.022889 -0.004578 0.999455 0.525380 0.069750
351 0.000545 -0.022889 -0.004578 0.999455 0.493574 0.061752
352 0.000545 -0.022889 -0.004578 0.999455 0.513416 0.058564
353 0.000545 -0.022889 -0.004578 0.999455 0.544115 0.167715
354 0.000545 -0.022889 -0.004578 0.999455 0.506812 0.057564
355 0.000545 -0.022889 -0.004578 0.999455 0.521896 0.058392
356 0.000545 -0.022889 -0.004578 0.999455 0.518113 0.009607
357 0.000545 -0.022889 -0.004578 0.999455 0.524278 0.056713
358 0.000545 -0.022889 -0.004578 0.999455 0.533474 0.022819
359 0.000545 -0.022889 -0.004578 0.999455 0.528033 0.056709
360 0.000545 -0.022889 -0.004578 0.999455 0.538260 0.056528
361 0.000545 -0.022889 -0.004578 0.999455 0.547949 0.109833
362 0.000545 -0.022889 -0.004578 0.999455 0.531865 0.273279
363 0.000545 -0.022889 -0.004578 0.999455 0.527051 0.044599
364 0.000545 -0.022889 -0.004578 0.999455 0.538654 0.173814
365 0.000545 -0.022889 -0.004578 0.999455 0.492717 0.017679
366 0.000545 -0.022889 -0.004578 0.999455 0.510545 0.082180
367 0.000545 -0.022889 -0.004578 0.999455 0.520078 0.056946
368 0.000545 -0.022889 -0.004578 0.999455 0.510999 0.157266
369 0.000545 -0.022889 -0.004578 0.999455 0.499730 0.069087
370 0.000545 -0.022889 -0.004578 0.999455 0.529611 0.110215
371 0.000545 -0.022889 -0.004578 0.999455 0.525757 0.114207
372 0.000545 -0.022889 -0.004578 0.999455 0.550139 0.080564
373 0.000545 -0.022889 -0.004578 0.999455 0.536812 0.104141
374 0.000545 -0.022889 -0.004578 0.999455 0.535303 0.118741
375 0.000545 -0.022889 -0.004578 0.999455 0.513747 0.021577
376 0.000545 -0.022889 -0.004578 0.999455 0.525262 0.048539
377 0.000545 -0.022889 -0.004578 0.999455 0.504779 0.021881
378 0.000545 -0.022889 -0.004578 0.999455 0.529389 0.026488
379 0.000545 -0.022889 -0.004578 0.999455 0.524633 0.025850
380 0.000545 -0.022889 -0.004578 0.999455 0.524807 0.187860
381 0.000545 -0.022889 -0.004578 0.999455 0.511634 0.112980
382 0.000545 -0.022889 -0.004578 0.999455 0.502109 0.037013
383 0.000545 -0.022889 -0.004578 0.999455 0.502733 0.002591
384 0.000545 -0.022889 -0.004578 0.999455 0.507398 0.058386
385 0.000545 -0.022889 -0.004578 0.999455 0.511661 0.059637
386 0.000545 -0.022889 -0.004578 0.999455 0.504982 0.005217
387 0.000545 -0.022889 -0.004578 0.999455 0.482914 0.037237
388 0.000545 -0.022889 -0.004578 0.999455 0.524058 0.029820
389 0.000545 -0.022889 -0.004578 0.999455 0.526943 0.114478
390 0.000545 -0.022889 -0.004578 0.999455 0.491759 0.002796
391 0.000545 -0.022889 -0.004578 0.999455 0.516228 0.057284
392 0.000545 -0.022889 -0.004578 0.999455 0.502039 0.002878
393 0.000545 -0.022889 -0.004578 0.999455 0.509425 0.020213
394 0.000545 -0.022889 -0.004578 0.999455 0.537765 0.252676
395 0.000545 -0.022889 -0.004578 0.999455 0.519718 0.004417
396 0.000545 -0.022889 -0.004578 0.999455 0.522860 0.152650
397 0.000545 -0.022889 -0.004578 0.999455 0.509920 0.110522
398 0.000545 -0.022889 -0.004578 0.999455 0.527544 0.166333
399 0.000545 -0.022889 -0.004578 0.999455 0.493032 0.105912
400 0.000545 -0.022889 -0.004578 0.999455 0.555092 0.287816
401 0.000545 -0.022889 -0.004578 0.999455 0.501894 0.116593
402 0.000545 -0.022889 -0.004578 0.999455 0.506261 0.077765
403 0.000545 -0.022889 -0.004578 0.999455 0.503898 0.021547
404 0.000545 -0.022889 -0.004578 0.999455 0.504725 0.106504
405 0.000545 -0.022889 -0.004578 0.999455 0.511004 0.035668
406 0.000545 -0.022889 -0.004578 0.999455 0.522450 0.061829
407 0.000545 -0.022889 -0.004578 0.999455 0.522562 0.030081
408 0.000545 -0.022889 -0.004578 0.999455 0.529223 0.099190
409 0.000545 -0.022889 -0.004578 0.999455 0.519002 0.056521
410 0.000545 -0.022889 -0.004578 0.999455 0.512272 0.029328
411 0.000545 -0.022889 -0.004578 0.999455 0.538213 0.056370
412 0.000545 -0.022889 -0.004578 0.999455 0.518551 0.050288
413 0.000545 -0.022889 -0.004578 0.999455 0.522794 0.076114
414 0.000545 -0.022889 -0.004578 0.999455 0.490186 0.002470
415 0.000545 -0.022889 -0.004578 0.999455 0.528374 0.073996
416 0.000545 -0.022889 -0.004578 0.999455 0.510064 0.021535
417 0.000545 -0.022889 -0.004578 0.999455 0.550130 0.035690
418 0.000545 -0.022889 -0.004578 0.999455 0.505125 0.020080
419 0.000545 -0.022889 -0.004578 0.999455 0.484638 0.052000
420 0.000545 -0.022889 -0.004578 0.999455 0.510322 0.017585
421 0.000545 -0.022889 -0.004578 0.999455 0.512421 0.002478
422 0.000545 -0.022889 -0.004578 0.999455 0.522869 0.056607
423 0.000545 -0.022889 -0.004578 0.999455 0.507862 0.049969
424 0.000545 -0.022889 -0.004578 0.999455 0.552573 0.069974
425 0.000545 -0.022889 -0.004578 0.999455 0.536930 0.057822
426 0.000545 -0.022889 -0.004578 0.999455 0.492402 0.006333
427 0.000545 -0.022889 -0.004578 0.999455 0.491558 0.008831
428 0.000545 -0.022889 -0.004578 0.999455 0.527958 0.021554
429 0.000545 -0.022889 -0.004578 0.999455 0.527049 0.030973
430 0.000545 -0.022889 -0.004578 0.999455 0.522186 0.003059
431 0.000545 -0.022889 -0.004578 0.999455 0.516993 0.056120
432 0.000545 -0.022889 -0.004578 0.999455 0.527493 0.071153
433 0.000545 -0.022889 -0.004578 0.999455 0.510492 0.048633
434 0.000545 -0.022889 -0.004578 0.999455 0.511593 0.153392
435 0.000545 -0.022889 -0.004578 0.999455 0.497967 0.017966
436 0.000545 -0.022889 -0.004578 0.999455 0.518815 0.023825
437 0.000545 -0.022889 -0.004578 0.999455 0.511313 0.023897
438 0.000545 -0.022889 -0.004578 0.999455 0.505829 0.049976
439 0.000545 -0.022889 -0.004578 0.999455 0.545030 0.162268
440 0.000545 -0.022889 -0.004578 0.999455 0.495312 0.002957
441 0.000545 -0.022889 -0.004578 0.999455 0.533309 0.022205
442 0.000545 -0.022889 -0.004578 0.999455 0.510528 0.034496
443 0.000545 -0.022889 -0.004578 0.999455 0.520849 0.059815
444 0.000545 -0.022889 -0.004578 0.999455 0.533074 0.091579
445 0.000545 -0.022889 -0.004578 0.999455 0.519609 0.106830
446 0.000545 -0.022889 -0.004578 0.999455 0.524159 0.056601
447 0.000545 -0.022889 -0.004578 0.999455 0.530105 0.022160
448 0.000545 -0.022889 -0.004578 0.999455 0.541210 0.074110
449 0.000545 -0.022889 -0.004578 0.999455 0.490179 0.044099
450 0.000545 -0.022889 -0.004578 0.999455 0.526812 0.021523
451 0.000545 -0.022889 -0.004578 0.999455 0.511906 0.073394
452 0.000545 -0.022889 -0.004578 0.999455 0.518715 0.158296
453 0.000545 -0.022889 -0.004578 0.999455 0.500912 0.056513
454 0.000545 -0.022889 -0.004578 0.999455 0.504809 0.134448
455 0.000545 -0.022889 -0.004578 0.999455 0.521136 0.161223
456 0.000545 -0.022889 -0.004578 0.999455 0.506560 0.076792
457 0.000545 -0.022889 -0.004578 0.999455 0.512741 0.114931
458 0.000545 -0.022889 -0.004578 0.999455 0.540092 0.059343
459 0.000545 -0.022889 -0.004578 0.999455 0.526260 0.022776
460 0.000545 -0.022889 -0.004578 0.999455 0.476384 0.012395
461 0.000545 -0.022889 -0.004578 0.999455 0.499533 0.007447
462 0.000545 -0.022889 -0.004578 0.999455 0.496085 0.024115
463 0.000545 -0.022889 -0.004578 0.999455 0.521440 0.039271
464 0.000545 -0.022889 -0.004578 0.999455 0.521948 0.069581
465 0.000545 -0.022889 -0.004578 0.999455 0.524001 0.017394
466 0.000545 -0.022889 -0.004578 0.999455 0.500662 0.004463
467 0.000545 -0.022889 -0.004578 0.999455 0.509617 0.031910
468 0.000545 -0.022889 -0.004578 0.999455 0.517548 0.011312
469 0.000545 -0.022889 -0.004578 0.999455 0.530942 0.083742
470 0.000545 -0.022889 -0.004578 0.999455 0.523982 0.104884
471 0.000545 -0.022889 -0.004578 0.999455 0.498383 0.057889
472 0.000545 -0.022889 -0.004578 0.999455 0.518732 0.069687
473 0.000545 -0.022889 -0.004578 0.999455 0.489978 0.027140
474 0.000545 -0.022889 -0.004578 0.999455 0.512202 0.056478
475 0.000545 -0.022889 -0.004578 0.999455 0.530478 0.223277
476 0.000545 -0.022889 -0.004578 0.999455 0.496364 0.022026
477 0.000545 -0.022889 -0.004578 0.999455 0.481434 0.162304
478 0.000545 -0.022889 -0.004578 0.999455 0.542934 0.201767
479 0.000545 -0.022889 -0.004578 0.999455 0.532134 0.040033
480 0.000545 -0.022889 -0.004578 0.999455 0.545905 0.002479
481 0.000545 -0.022889 -0.004578 0.999455 0.530231 0.003344
482 0.000545 -0.022889 -0.004578 0.999455 0.544714 0.014422
483 0.000545 -0.022889 -0.004578 0.999455 0.514501 0.021619
484 0.000545 -0.022889 -0.004578 0.999455 0.540112 0.162686
485 0.000545 -0.022889 -0.004578 0.999455 0.508267 0.019911
486 0.000545 -0.022889 -0.004578 0.999455 0.517363 0.004287
487 0.000545 -0.022889 -0.004578 0.999455 0.536028 0.022002
488 0.000545 -0.022889 -0.004578 0.999455 0.526992 0.002581
489 0.000545 -0.022889 -0.004578 0.999455 0.512446 0.002492
490 0.000545 -0.022889 -0.004578 0.999455 0.557748 0.002465
491 0.000545 -0.022889 -0.004578 0.999455 0.537741 0.003444
492 0.000545 -0.022889 -0.004578 0.999455 0.523138 0.056380
493 0.000545 -0.022889 -0.004578 0.999455 0.522555 0.060842
494 0.000545 -0.022889 -0.004578 0.999455 0.534731 0.159199
495 0.000545 -0.022889 -0.004578 0.999455 0.545611 0.057049
496 0.000545 -0.022889 -0.004578 0.999455 0.499322 0.005474
497 0.000545 -0.022889 -0.004578 0.999455 0.492519 0.018434
498 0.000545 -0.022889 -0.004578 0.999455 0.510515 0.023587
499 0.000545 -0.022889 -0.004578 0.999455 0.491892 0.021920
