Lp  F6        x1       x2        Ocena     Średni    Najgorszy
0 0.316980 -2.153048 9.745937 0.683020 0.505902 0.396239
1 0.316980 -2.153048 9.745937 0.683020 0.483127 0.002737
2 0.249218 3.294423 18.342870 0.750782 0.485702 0.151150
3 0.010648 0.007630 3.169299 0.989352 0.500614 0.250954
4 0.010648 0.007630 3.169299 0.989352 0.489652 0.123675
5 0.010648 0.007630 3.169299 0.989352 0.502385 0.386449
6 0.010648 0.007630 3.169299 0.989352 0.498789 0.306698
7 0.010648 0.007630 3.169299 0.989352 0.510410 0.185155
8 0.010648 0.007630 3.169299 0.989352 0.504363 0.191326
9 0.010648 0.007630 3.169299 0.989352 0.495081 0.240717
10 0.010648 0.007630 3.169299 0.989352 0.496361 0.335310
11 0.010648 0.007630 3.169299 0.989352 0.506107 0.203379
12 0.010648 0.007630 3.169299 0.989352 0.504838 0.158426
13 0.010648 0.007630 3.169299 0.989352 0.505845 0.295195
14 0.010648 0.007630 3.169299 0.989352 0.500570 0.064593
15 0.010648 0.007630 3.169299 0.989352 0.501712 0.256996
16 0.010648 0.007630 3.169299 0.989352 0.500366 0.169545
17 0.010648 0.007630 3.169299 0.989352 0.500266 0.362272
18 0.010648 0.007630 3.169299 0.989352 0.504298 0.313638
19 0.010648 0.007630 3.169299 0.989352 0.495808 0.138792
20 0.010648 0.007630 3.169299 0.989352 0.491585 0.255278
21 0.010648 0.007630 3.169299 0.989352 0.494860 0.109730
22 0.010648 0.007630 3.169299 0.989352 0.499252 0.341862
23 0.010648 0.007630 3.169299 0.989352 0.498489 0.153858
24 0.010648 0.007630 3.169299 0.989352 0.489930 0.175632
25 0.010648 0.007630 3.169299 0.989352 0.503136 0.102961
26 0.010648 0.007630 3.169299 0.989352 0.503682 0.213094
27 0.010648 0.007630 3.169299 0.989352 0.500908 0.169609
28 0.010648 0.007630 3.169299 0.989352 0.502635 0.210572
29 0.010648 0.007630 3.169299 0.989352 0.493274 0.213110
30 0.010648 0.007630 3.169299 0.989352 0.484499 0.153913
31 0.010648 0.007630 3.169299 0.989352 0.499636 0.316635
32 0.010648 0.007630 3.169299 0.989352 0.493914 0.128740
33 0.010648 0.007630 3.169299 0.989352 0.492457 0.159393
34 0.010648 0.007630 3.169299 0.989352 0.494240 0.178913
35 0.010648 0.007630 3.169299 0.989352 0.509658 0.255489
36 0.010648 0.007630 3.169299 0.989352 0.499009 0.317349
37 0.010648 0.007630 3.169299 0.989352 0.502509 0.338451
38 0.010648 0.007630 3.169299 0.989352 0.495611 0.056984
39 0.010648 0.007630 3.169299 0.989352 0.493176 0.103057
40 0.010648 0.007630 3.169299 0.989352 0.493193 0.285183
41 0.010648 0.007630 3.169299 0.989352 0.493091 0.304740
42 0.010648 0.007630 3.169299 0.989352 0.505935 0.136800
43 0.010648 0.007630 3.169299 0.989352 0.503493 0.255478
44 0.010648 0.007630 3.169299 0.989352 0.501919 0.343085
45 0.010648 0.007630 3.169299 0.989352 0.494271 0.059792
46 0.010648 0.007630 3.169299 0.989352 0.510637 0.462153
47 0.010648 0.007630 3.169299 0.989352 0.508948 0.254914
48 0.010648 0.007630 3.169299 0.989352 0.500169 0.220029
49 0.010648 0.007630 3.169299 0.989352 0.490482 0.184861
50 0.010648 0.007630 3.169299 0.989352 0.501601 0.196302
51 0.010648 0.007630 3.169299 0.989352 0.509189 0.261507
52 0.010648 0.007630 3.169299 0.989352 0.504100 0.335857
53 0.010648 0.007630 3.169299 0.989352 0.508682 0.065839
54 0.010648 0.007630 3.169299 0.989352 0.496459 0.155016
55 0.010648 0.007630 3.169299 0.989352 0.502788 0.110028
56 0.010648 0.007630 3.169299 0.989352 0.500664 0.304350
57 0.010648 0.007630 3.169299 0.989352 0.497112 0.043681
58 0.010648 0.007630 3.169299 0.989352 0.510957 0.403713
59 0.010648 0.007630 3.169299 0.989352 0.508266 0.265415
60 0.010648 0.007630 3.169299 0.989352 0.499474 0.193564
61 0.010648 0.007630 3.169299 0.989352 0.505665 0.251362
62 0.010648 0.007630 3.169299 0.989352 0.503315 0.153114
63 0.010648 0.007630 3.169299 0.989352 0.501289 0.305448
64 0.010648 0.007630 3.169299 0.989352 0.491491 0.140194
65 0.010648 0.007630 3.169299 0.989352 0.497135 0.337201
66 0.010648 0.007630 3.169299 0.989352 0.496506 0.229707
67 0.010648 0.007630 3.169299 0.989352 0.498159 0.042372
68 0.010648 0.007630 3.169299 0.989352 0.493781 0.100068
69 0.010648 0.007630 3.169299 0.989352 0.501964 0.294409
70 0.010648 0.007630 3.169299 0.989352 0.503207 0.296728
71 0.010648 0.007630 3.169299 0.989352 0.502461 0.146064
72 0.009721 -2.363622 2.061494 0.990279 0.501350 0.113013
73 0.009721 -2.363622 2.061494 0.990279 0.500796 0.296790
74 0.009721 -2.363622 2.061494 0.990279 0.508089 0.182453
75 0.009721 -2.363622 2.061494 0.990279 0.492483 0.342565
76 0.009721 -2.363622 2.061494 0.990279 0.500673 0.219998
77 0.009721 -2.363622 2.061494 0.990279 0.496104 0.279389
78 0.009721 -2.363622 2.061494 0.990279 0.500537 0.146669
79 0.009721 -2.363622 2.061494 0.990279 0.508510 0.329388
80 0.009721 -2.363622 2.061494 0.990279 0.505554 0.347366
81 0.009721 -2.363622 2.061494 0.990279 0.502789 0.325202
82 0.009721 -2.363622 2.061494 0.990279 0.507957 0.169577
83 0.009721 -2.363622 2.061494 0.990279 0.497952 0.219424
84 0.009721 -2.363622 2.061494 0.990279 0.504494 0.259368
85 0.009721 -2.363622 2.061494 0.990279 0.497567 0.236743
86 0.009721 -2.363622 2.061494 0.990279 0.504568 0.258244
87 0.009721 -2.363622 2.061494 0.990279 0.496682 0.300419
88 0.009721 -2.363622 2.061494 0.990279 0.494118 0.119000
89 0.009721 -2.363622 2.061494 0.990279 0.492469 0.128637
90 0.009721 -2.363622 2.061494 0.990279 0.502782 0.416620
91 0.009721 -2.363622 2.061494 0.990279 0.509340 0.357797
92 0.009721 -2.363622 2.061494 0.990279 0.493743 0.040583
93 0.009721 -2.363622 2.061494 0.990279 0.506297 0.250093
94 0.009721 -2.363622 2.061494 0.990279 0.497842 0.025335
95 0.009721 -2.363622 2.061494 0.990279 0.507443 0.166054
96 0.009721 -2.363622 2.061494 0.990279 0.503768 0.033824
97 0.009721 -2.363622 2.061494 0.990279 0.489513 0.021729
98 0.009721 -2.363622 2.061494 0.990279 0.492196 0.251278
99 0.009721 -2.363622 2.061494 0.990279 0.493309 0.204293
100 0.009721 -2.363622 2.061494 0.990279 0.512112 0.303515
101 0.009721 -2.363622 2.061494 0.990279 0.484099 0.200857
102 0.009721 -2.363622 2.061494 0.990279 0.500350 0.059511
103 0.009721 -2.363622 2.061494 0.990279 0.504443 0.203664
104 0.009721 -2.363622 2.061494 0.990279 0.491827 0.154065
105 0.009721 -2.363622 2.061494 0.990279 0.500226 0.257840
106 0.009721 -2.363622 2.061494 0.990279 0.496124 0.252235
107 0.009721 -2.363622 2.061494 0.990279 0.507020 0.348924
108 0.009721 -2.363622 2.061494 0.990279 0.499247 0.248098
109 0.009721 -2.363622 2.061494 0.990279 0.500881 0.065081
110 0.009721 -2.363622 2.061494 0.990279 0.500722 0.209998
111 0.009721 -2.363622 2.061494 0.990279 0.492999 0.106019
112 0.009721 -2.363622 2.061494 0.990279 0.498415 0.194044
113 0.009721 -2.363622 2.061494 0.990279 0.500337 0.246375
114 0.009721 -2.363622 2.061494 0.990279 0.483083 0.023312
115 0.009721 -2.363622 2.061494 0.990279 0.494157 0.204906
116 0.009721 -2.363622 2.061494 0.990279 0.505071 0.220773
117 0.009721 -2.363622 2.061494 0.990279 0.497116 0.037636
118 0.009721 -2.363622 2.061494 0.990279 0.493094 0.262868
119 0.009721 -2.363622 2.061494 0.990279 0.498164 0.058030
120 0.009721 -2.363622 2.061494 0.990279 0.485991 0.123703
121 0.009721 -2.363622 2.061494 0.990279 0.502218 0.213188
122 0.009721 -2.363622 2.061494 0.990279 0.489894 0.306573
123 0.009721 -2.363622 2.061494 0.990279 0.500372 0.293712
124 0.009721 -2.363622 2.061494 0.990279 0.499798 0.057453
125 0.009721 -2.363622 2.061494 0.990279 0.493173 0.058028
126 0.009721 -2.363622 2.061494 0.990279 0.508252 0.151683
127 0.009721 -2.363622 2.061494 0.990279 0.488788 0.207736
128 0.009721 -2.363622 2.061494 0.990279 0.508787 0.083832
129 0.009721 -2.363622 2.061494 0.990279 0.485270 0.178665
130 0.009721 -2.363622 2.061494 0.990279 0.512399 0.357976
131 0.009721 -2.363622 2.061494 0.990279 0.504423 0.236046
132 0.009721 -2.363622 2.061494 0.990279 0.502072 0.219107
133 0.009721 -2.363622 2.061494 0.990279 0.508634 0.177513
134 0.009721 -2.363622 2.061494 0.990279 0.503186 0.152955
135 0.009721 -2.363622 2.061494 0.990279 0.496546 0.159697
136 0.009721 -2.363622 2.061494 0.990279 0.502419 0.160208
137 0.009721 -2.363622 2.061494 0.990279 0.503098 0.157228
138 0.009721 -2.363622 2.061494 0.990279 0.495205 0.045222
139 0.009721 -2.363622 2.061494 0.990279 0.501945 0.293710
140 0.009721 -2.363622 2.061494 0.990279 0.500810 0.257066
141 0.009721 -2.363622 2.061494 0.990279 0.502418 0.160913
142 0.009721 -2.363622 2.061494 0.990279 0.494765 0.109382
143 0.009721 -2.363622 2.061494 0.990279 0.507104 0.422617
144 0.009721 -2.363622 2.061494 0.990279 0.504835 0.194850
145 0.009721 -2.363622 2.061494 0.990279 0.497662 0.311348
146 0.009721 -2.363622 2.061494 0.990279 0.500221 0.339791
147 0.009721 -2.363622 2.061494 0.990279 0.498313 0.260076
148 0.009721 -2.363622 2.061494 0.990279 0.510217 0.427924
149 0.009721 -2.363622 2.061494 0.990279 0.493607 0.150221
150 0.009721 -2.363622 2.061494 0.990279 0.491138 0.113047
151 0.009721 -2.363622 2.061494 0.990279 0.494440 0.107891
152 0.009721 -2.363622 2.061494 0.990279 0.495048 0.076461
153 0.009721 -2.363622 2.061494 0.990279 0.500397 0.330007
154 0.009721 -2.363622 2.061494 0.990279 0.503099 0.295879
155 0.009721 -2.363622 2.061494 0.990279 0.503032 0.002858
156 0.009721 -2.363622 2.061494 0.990279 0.504399 0.329761
157 0.009721 -2.363622 2.061494 0.990279 0.494986 0.179354
158 0.009721 -2.363622 2.061494 0.990279 0.498938 0.293839
159 0.009721 -2.363622 2.061494 0.990279 0.503924 0.316563
160 0.009721 -2.363622 2.061494 0.990279 0.504534 0.330420
161 0.009721 -2.363622 2.061494 0.990279 0.499998 0.264644
162 0.009721 -2.363622 2.061494 0.990279 0.500411 0.110263
163 0.009721 -2.363622 2.061494 0.990279 0.512450 0.408876
164 0.009721 -2.363622 2.061494 0.990279 0.505425 0.060183
165 0.009721 -2.363622 2.061494 0.990279 0.501983 0.336525
166 0.009721 -2.363622 2.061494 0.990279 0.496892 0.296886
167 0.009721 -2.363622 2.061494 0.990279 0.485636 0.062661
168 0.009721 -2.363622 2.061494 0.990279 0.505207 0.250876
169 0.009721 -2.363622 2.061494 0.990279 0.502763 0.317404
170 0.009721 -2.363622 2.061494 0.990279 0.492412 0.260845
171 0.009721 -2.363622 2.061494 0.990279 0.502490 0.103038
172 0.009721 -2.363622 2.061494 0.990279 0.518653 0.337375
173 0.009721 -2.363622 2.061494 0.990279 0.499306 0.062255
174 0.009721 -2.363622 2.061494 0.990279 0.510137 0.388899
175 0.009721 -2.363622 2.061494 0.990279 0.511239 0.252082
176 0.009721 -2.363622 2.061494 0.990279 0.511948 0.298974
177 0.009721 -2.363622 2.061494 0.990279 0.491725 0.105166
178 0.009721 -2.363622 2.061494 0.990279 0.501313 0.209337
179 0.009721 -2.363622 2.061494 0.990279 0.503754 0.093237
180 0.009721 -2.363622 2.061494 0.990279 0.506248 0.336539
181 0.009721 -2.363622 2.061494 0.990279 0.491155 0.074534
182 0.009721 -2.363622 2.061494 0.990279 0.495560 0.261705
183 0.009721 -2.363622 2.061494 0.990279 0.497270 0.154234
184 0.009721 -2.363622 2.061494 0.990279 0.506225 0.073620
185 0.009721 -2.363622 2.061494 0.990279 0.492473 0.075514
186 0.009721 -2.363622 2.061494 0.990279 0.504303 0.331450
187 0.009721 -2.363622 2.061494 0.990279 0.509183 0.421032
188 0.009721 -2.363622 2.061494 0.990279 0.490489 0.104500
189 0.009721 -2.363622 2.061494 0.990279 0.492973 0.249217
190 0.009721 -2.363622 2.061494 0.990279 0.497052 0.303493
191 0.009721 -2.363622 2.061494 0.990279 0.495210 0.039193
192 0.009721 -2.363622 2.061494 0.990279 0.495197 0.115988
193 0.009721 -2.363622 2.061494 0.990279 0.490486 0.056378
194 0.009721 -2.363622 2.061494 0.990279 0.487157 0.058244
195 0.009721 -2.363622 2.061494 0.990279 0.494182 0.157697
196 0.009721 -2.363622 2.061494 0.990279 0.499369 0.273146
197 0.009721 -2.363622 2.061494 0.990279 0.502502 0.323529
198 0.009721 -2.363622 2.061494 0.990279 0.506913 0.206325
199 0.009721 -2.363622 2.061494 0.990279 0.498023 0.057924
200 0.009721 -2.363622 2.061494 0.990279 0.499900 0.190473
201 0.009721 -2.363622 2.061494 0.990279 0.500799 0.303443
202 0.009721 -2.363622 2.061494 0.990279 0.502388 0.170406
203 0.009721 -2.363622 2.061494 0.990279 0.495794 0.289512
204 0.009721 -2.363622 2.061494 0.990279 0.499094 0.310001
205 0.009721 -2.363622 2.061494 0.990279 0.507744 0.413213
206 0.009721 -2.363622 2.061494 0.990279 0.505213 0.280807
207 0.009721 -2.363622 2.061494 0.990279 0.504020 0.264124
208 0.009721 -2.363622 2.061494 0.990279 0.516535 0.265947
209 0.009721 -2.363622 2.061494 0.990279 0.500539 0.203931
210 0.009721 -2.363622 2.061494 0.990279 0.508023 0.294182
211 0.009721 -2.363622 2.061494 0.990279 0.505466 0.057785
212 0.009721 -2.363622 2.061494 0.990279 0.508707 0.223934
213 0.009721 -2.363622 2.061494 0.990279 0.490220 0.083481
214 0.009721 -2.363622 2.061494 0.990279 0.491409 0.021524
215 0.009721 -2.363622 2.061494 0.990279 0.503402 0.168995
216 0.009721 -2.363622 2.061494 0.990279 0.497567 0.223160
217 0.009721 -2.363622 2.061494 0.990279 0.491757 0.158693
218 0.009721 -2.363622 2.061494 0.990279 0.504674 0.261350
219 0.009721 -2.363622 2.061494 0.990279 0.499154 0.265683
220 0.009721 -2.363622 2.061494 0.990279 0.506459 0.426896
221 0.009721 -2.363622 2.061494 0.990279 0.490748 0.153381
222 0.009721 -2.363622 2.061494 0.990279 0.503295 0.045414
223 0.009721 -2.363622 2.061494 0.990279 0.504440 0.108775
224 0.009721 -2.363622 2.061494 0.990279 0.502699 0.249818
225 0.009721 -2.363622 2.061494 0.990279 0.502949 0.259952
226 0.009721 -2.363622 2.061494 0.990279 0.498309 0.308917
227 0.009721 -2.363622 2.061494 0.990279 0.498487 0.384305
228 0.009721 -2.363622 2.061494 0.990279 0.499058 0.022063
229 0.009721 -2.363622 2.061494 0.990279 0.504295 0.329002
230 0.009721 -2.363622 2.061494 0.990279 0.496038 0.212855
231 0.009721 -2.363622 2.061494 0.990279 0.494991 0.153327
232 0.009721 -2.363622 2.061494 0.990279 0.507514 0.284411
233 0.009721 -2.363622 2.061494 0.990279 0.497888 0.068765
234 0.009721 -2.363622 2.061494 0.990279 0.492213 0.097589
235 0.009721 -2.363622 2.061494 0.990279 0.503713 0.389572
236 0.009721 -2.363622 2.061494 0.990279 0.500593 0.125584
237 0.009721 -2.363622 2.061494 0.990279 0.507705 0.258317
238 0.009721 -2.363622 2.061494 0.990279 0.499135 0.332684
239 0.009721 -2.363622 2.061494 0.990279 0.499787 0.155949
240 0.009721 -2.363622 2.061494 0.990279 0.502952 0.385404
241 0.009721 -2.363622 2.061494 0.990279 0.492531 0.042616
242 0.009721 -2.363622 2.061494 0.990279 0.493739 0.175148
243 0.009721 -2.363622 2.061494 0.990279 0.492638 0.139508
244 0.009721 -2.363622 2.061494 0.990279 0.506320 0.256923
245 0.009721 -2.363622 2.061494 0.990279 0.499594 0.213234
246 0.009721 -2.363622 2.061494 0.990279 0.497665 0.329908
247 0.009721 -2.363622 2.061494 0.990279 0.510390 0.228571
248 0.009721 -2.363622 2.061494 0.990279 0.507411 0.056459
249 0.009721 -2.363622 2.061494 0.990279 0.491697 0.173894
250 0.009721 -2.363622 2.061494 0.990279 0.503861 0.087677
251 0.009721 -2.363622 2.061494 0.990279 0.491802 0.068501
252 0.009721 -2.363622 2.061494 0.990279 0.491670 0.256589
253 0.009721 -2.363622 2.061494 0.990279 0.496971 0.168256
254 0.009721 -2.363622 2.061494 0.990279 0.487910 0.192055
255 0.009721 -2.363622 2.061494 0.990279 0.497523 0.309222
256 0.009721 -2.363622 2.061494 0.990279 0.502507 0.308472
257 0.009721 -2.363622 2.061494 0.990279 0.482914 0.116906
258 0.009721 -2.363622 2.061494 0.990279 0.496669 0.214839
259 0.009721 -2.363622 2.061494 0.990279 0.509045 0.343702
260 0.009721 -2.363622 2.061494 0.990279 0.497167 0.162019
261 0.009721 -2.363622 2.061494 0.990279 0.502757 0.158540
262 0.009721 -2.363622 2.061494 0.990279 0.499162 0.366731
263 0.009721 -2.363622 2.061494 0.990279 0.499700 0.367011
264 0.009721 -2.363622 2.061494 0.990279 0.507288 0.302037
265 0.009721 -2.363622 2.061494 0.990279 0.496201 0.109922
266 0.009721 -2.363622 2.061494 0.990279 0.492792 0.045767
267 0.009721 -2.363622 2.061494 0.990279 0.506422 0.212711
268 0.009721 -2.363622 2.061494 0.990279 0.497048 0.222185
269 0.009721 -2.363622 2.061494 0.990279 0.498921 0.191584
270 0.009721 -2.363622 2.061494 0.990279 0.500921 0.254486
271 0.009721 -2.363622 2.061494 0.990279 0.505368 0.300494
272 0.009721 -2.363622 2.061494 0.990279 0.497588 0.137179
273 0.009721 -2.363622 2.061494 0.990279 0.505026 0.231045
274 0.009721 -2.363622 2.061494 0.990279 0.502143 0.153441
275 0.009721 -2.363622 2.061494 0.990279 0.504462 0.167506
276 0.009721 -2.363622 2.061494 0.990279 0.493302 0.152743
277 0.009721 -2.363622 2.061494 0.990279 0.495498 0.200630
278 0.009721 -2.363622 2.061494 0.990279 0.513959 0.290323
279 0.009721 -2.363622 2.061494 0.990279 0.494068 0.067599
280 0.009721 -2.363622 2.061494 0.990279 0.498241 0.242933
281 0.009721 -2.363622 2.061494 0.990279 0.500709 0.158359
282 0.009721 -2.363622 2.061494 0.990279 0.500157 0.345609
283 0.009721 -2.363622 2.061494 0.990279 0.497782 0.293643
284 0.009721 -2.363622 2.061494 0.990279 0.493880 0.147480
285 0.009721 -2.363622 2.061494 0.990279 0.504423 0.308677
286 0.009721 -2.363622 2.061494 0.990279 0.509968 0.252271
287 0.009721 -2.363622 2.061494 0.990279 0.493145 0.150528
288 0.009721 -2.363622 2.061494 0.990279 0.494528 0.134446
289 0.009721 -2.363622 2.061494 0.990279 0.504978 0.293326
290 0.009721 -2.363622 2.061494 0.990279 0.493411 0.209507
291 0.009721 -2.363622 2.061494 0.990279 0.491138 0.074890
292 0.009721 -2.363622 2.061494 0.990279 0.509188 0.385497
293 0.009721 -2.363622 2.061494 0.990279 0.494048 0.226775
294 0.009721 -2.363622 2.061494 0.990279 0.488996 0.171092
295 0.009721 -2.363622 2.061494 0.990279 0.500898 0.160615
296 0.009721 -2.363622 2.061494 0.990279 0.491952 0.085618
297 0.009721 -2.363622 2.061494 0.990279 0.501161 0.339107
298 0.009721 -2.363622 2.061494 0.990279 0.504828 0.153445
299 0.009721 -2.363622 2.061494 0.990279 0.498192 0.103851
300 0.009721 -2.363622 2.061494 0.990279 0.510835 0.267771
301 0.009721 -2.363622 2.061494 0.990279 0.512864 0.213155
302 0.009721 -2.363622 2.061494 0.990279 0.508579 0.298811
303 0.009721 -2.363622 2.061494 0.990279 0.497536 0.069198
304 0.009721 -2.363622 2.061494 0.990279 0.491686 0.060088
305 0.009721 -2.363622 2.061494 0.990279 0.498596 0.186206
306 0.009721 -2.363622 2.061494 0.990279 0.495256 0.270732
307 0.009721 -2.363622 2.061494 0.990279 0.499979 0.042393
308 0.009721 -2.363622 2.061494 0.990279 0.493030 0.252507
309 0.009721 -2.363622 2.061494 0.990279 0.489515 0.204210
310 0.009721 -2.363622 2.061494 0.990279 0.517726 0.360124
311 0.009721 -2.363622 2.061494 0.990279 0.507250 0.145205
312 0.009721 -2.363622 2.061494 0.990279 0.494702 0.113224
313 0.009721 -2.363622 2.061494 0.990279 0.509668 0.059176
314 0.009721 -2.363622 2.061494 0.990279 0.501307 0.101968
315 0.009721 -2.363622 2.061494 0.990279 0.507786 0.360159
316 0.009721 -2.363622 2.061494 0.990279 0.504032 0.251093
317 0.009721 -2.363622 2.061494 0.990279 0.503712 0.433570
318 0.009721 -2.363622 2.061494 0.990279 0.498987 0.249181
319 0.009721 -2.363622 2.061494 0.990279 0.500317 0.164326
320 0.009721 -2.363622 2.061494 0.990279 0.505968 0.310538
321 0.009721 -2.363622 2.061494 0.990279 0.506956 0.204000
322 0.009721 -2.363622 2.061494 0.990279 0.492336 0.032694
323 0.009721 -2.363622 2.061494 0.990279 0.509054 0.298040
324 0.009721 -2.363622 2.061494 0.990279 0.475917 0.084441
325 0.009721 -2.363622 2.061494 0.990279 0.503373 0.322489
326 0.009721 -2.363622 2.061494 0.990279 0.508028 0.169182
327 0.009721 -2.363622 2.061494 0.990279 0.495660 0.156818
328 0.009721 -2.363622 2.061494 0.990279 0.499694 0.210313
329 0.009721 -2.363622 2.061494 0.990279 0.499708 0.105097
330 0.009721 -2.363622 2.061494 0.990279 0.497281 0.203387
331 0.009721 -2.363622 2.061494 0.990279 0.499706 0.267936
332 0.009721 -2.363622 2.061494 0.990279 0.500531 0.060221
333 0.009721 -2.363622 2.061494 0.990279 0.505173 0.308793
334 0.009721 -2.363622 2.061494 0.990279 0.495970 0.269829
335 0.009721 -2.363622 2.061494 0.990279 0.497424 0.285689
336 0.009721 -2.363622 2.061494 0.990279 0.510199 0.358854
337 0.009721 -2.363622 2.061494 0.990279 0.508342 0.379490
338 0.009721 -2.363622 2.061494 0.990279 0.502807 0.129380
339 0.009721 -2.363622 2.061494 0.990279 0.508177 0.238373
340 0.009721 -2.363622 2.061494 0.990279 0.496917 0.224176
341 0.009721 -2.363622 2.061494 0.990279 0.492346 0.280353
342 0.009721 -2.363622 2.061494 0.990279 0.505626 0.333377
343 0.009721 -2.363622 2.061494 0.990279 0.492436 0.107548
344 0.009721 -2.363622 2.061494 0.990279 0.494687 0.269174
345 0.009721 -2.363622 2.061494 0.990279 0.506392 0.264399
346 0.009721 -2.363622 2.061494 0.990279 0.500274 0.160153
347 0.009721 -2.363622 2.061494 0.990279 0.494795 0.060432
348 0.009721 -2.363622 2.061494 0.990279 0.499658 0.251292
349 0.009721 -2.363622 2.061494 0.990279 0.507174 0.265067
350 0.009721 -2.363622 2.061494 0.990279 0.492316 0.166979
351 0.009721 -2.363622 2.061494 0.990279 0.493527 0.075975
352 0.009721 -2.363622 2.061494 0.990279 0.490322 0.103275
353 0.009721 -2.363622 2.061494 0.990279 0.498867 0.244821
354 0.009721 -2.363622 2.061494 0.990279 0.499165 0.209448
355 0.009721 -2.363622 2.061494 0.990279 0.489121 0.154795
356 0.009721 -2.363622 2.061494 0.990279 0.502544 0.356707
357 0.009721 -2.363622 2.061494 0.990279 0.494130 0.293404
358 0.009721 -2.363622 2.061494 0.990279 0.496641 0.113804
359 0.009721 -2.363622 2.061494 0.990279 0.496741 0.154206
360 0.009721 -2.363622 2.061494 0.990279 0.491532 0.046759
361 0.009721 -2.363622 2.061494 0.990279 0.488205 0.135050
362 0.009721 -2.363622 2.061494 0.990279 0.499105 0.259983
363 0.009721 -2.363622 2.061494 0.990279 0.484752 0.157770
364 0.009721 -2.363622 2.061494 0.990279 0.494305 0.058020
365 0.009721 -2.363622 2.061494 0.990279 0.501744 0.297609
366 0.009721 -2.363622 2.061494 0.990279 0.499732 0.204863
367 0.009721 -2.363622 2.061494 0.990279 0.505807 0.306403
368 0.009721 -2.363622 2.061494 0.990279 0.504639 0.306314
369 0.009721 -2.363622 2.061494 0.990279 0.494798 0.306925
370 0.009721 -2.363622 2.061494 0.990279 0.501562 0.252470
371 0.009721 -2.363622 2.061494 0.990279 0.499029 0.106716
372 0.009721 -2.363622 2.061494 0.990279 0.489915 0.117301
373 0.009721 -2.363622 2.061494 0.990279 0.501200 0.203382
374 0.009721 -2.363622 2.061494 0.990279 0.510295 0.023532
375 0.009721 -2.363622 2.061494 0.990279 0.503376 0.153904
376 0.009721 -2.363622 2.061494 0.990279 0.497904 0.208974
377 0.009721 -2.363622 2.061494 0.990279 0.504482 0.021469
378 0.009721 -2.363622 2.061494 0.990279 0.494050 0.375317
379 0.009721 -2.363622 2.061494 0.990279 0.495556 0.168730
380 0.009721 -2.363622 2.061494 0.990279 0.508511 0.407474
381 0.009721 -2.363622 2.061494 0.990279 0.495030 0.095039
382 0.009721 -2.363622 2.061494 0.990279 0.495419 0.150426
383 0.009721 -2.363622 2.061494 0.990279 0.500292 0.203864
384 0.009721 -2.363622 2.061494 0.990279 0.502801 0.234969
385 0.009721 -2.363622 2.061494 0.990279 0.494078 0.023082
386 0.009721 -2.363622 2.061494 0.990279 0.496321 0.164190
387 0.009721 -2.363622 2.061494 0.990279 0.506316 0.224972
388 0.009721 -2.363622 2.061494 0.990279 0.499212 0.058785
389 0.009721 -2.363622 2.061494 0.990279 0.491948 0.148109
390 0.009721 -2.363622 2.061494 0.990279 0.510623 0.371963
391 0.009721 -2.363622 2.061494 0.990279 0.490032 0.100389
392 0.009721 -2.363622 2.061494 0.990279 0.507285 0.230230
393 0.009721 -2.363622 2.061494 0.990279 0.503053 0.117518
394 0.009721 -2.363622 2.061494 0.990279 0.505282 0.391531
395 0.009721 -2.363622 2.061494 0.990279 0.492299 0.244535
396 0.009721 -2.363622 2.061494 0.990279 0.489559 0.120606
397 0.009721 -2.363622 2.061494 0.990279 0.498377 0.335306
398 0.009721 -2.363622 2.061494 0.990279 0.496465 0.133218
399 0.009721 -2.363622 2.061494 0.990279 0.499754 0.023052
400 0.009721 -2.363622 2.061494 0.990279 0.496921 0.316699
401 0.009721 -2.363622 2.061494 0.990279 0.494477 0.037516
402 0.009721 -2.363622 2.061494 0.990279 0.508270 0.336929
403 0.009721 -2.363622 2.061494 0.990279 0.493639 0.222551
404 0.009721 -2.363622 2.061494 0.990279 0.497724 0.369404
405 0.009721 -2.363622 2.061494 0.990279 0.497649 0.174650
406 0.009721 -2.363622 2.061494 0.990279 0.495824 0.251701
407 0.009721 -2.363622 2.061494 0.990279 0.500025 0.178650
408 0.009721 -2.363622 2.061494 0.990279 0.509211 0.393720
409 0.009721 -2.363622 2.061494 0.990279 0.502595 0.295554
410 0.009721 -2.363622 2.061494 0.990279 0.499468 0.220546
411 0.009721 -2.363622 2.061494 0.990279 0.501035 0.209909
412 0.009721 -2.363622 2.061494 0.990279 0.490142 0.122956
413 0.009721 -2.363622 2.061494 0.990279 0.502487 0.316168
414 0.009721 -2.363622 2.061494 0.990279 0.504645 0.336736
415 0.009721 -2.363622 2.061494 0.990279 0.497469 0.293350
416 0.009721 -2.363622 2.061494 0.990279 0.501714 0.378100
417 0.009721 -2.363622 2.061494 0.990279 0.499262 0.154988
418 0.009721 -2.363622 2.061494 0.990279 0.492676 0.223144
419 0.009721 -2.363622 2.061494 0.990279 0.501347 0.242356
420 0.009721 -2.363622 2.061494 0.990279 0.512031 0.410225
421 0.009721 -2.363622 2.061494 0.990279 0.490592 0.153804
422 0.009721 -2.363622 2.061494 0.990279 0.494879 0.134930
423 0.009721 -2.363622 2.061494 0.990279 0.504527 0.278129
424 0.009721 -2.363622 2.061494 0.990279 0.509336 0.354843
425 0.009721 -2.363622 2.061494 0.990279 0.504819 0.074826
426 0.009721 -2.363622 2.061494 0.990279 0.501273 0.111538
427 0.009721 -2.363622 2.061494 0.990279 0.501932 0.109962
428 0.009721 -2.363622 2.061494 0.990279 0.504196 0.360561
429 0.009721 -2.363622 2.061494 0.990279 0.507412 0.194904
430 0.009721 -2.363622 2.061494 0.990279 0.492094 0.181525
431 0.009721 -2.363622 2.061494 0.990279 0.505119 0.245344
432 0.009721 -2.363622 2.061494 0.990279 0.506218 0.397696
433 0.009721 -2.363622 2.061494 0.990279 0.507706 0.102638
434 0.009721 -2.363622 2.061494 0.990279 0.498773 0.085598
435 0.009721 -2.363622 2.061494 0.990279 0.495032 0.269242
436 0.009721 -2.363622 2.061494 0.990279 0.500198 0.187712
437 0.009721 -2.363622 2.061494 0.990279 0.514316 0.100666
438 0.009721 -2.363622 2.061494 0.990279 0.493566 0.102165
439 0.009721 -2.363622 2.061494 0.990279 0.494659 0.208879
440 0.009721 -2.363622 2.061494 0.990279 0.503912 0.063943
441 0.009721 -2.363622 2.061494 0.990279 0.493124 0.153222
442 0.009721 -2.363622 2.061494 0.990279 0.500213 0.308633
443 0.009721 -2.363622 2.061494 0.990279 0.495333 0.027415
444 0.009721 -2.363622 2.061494 0.990279 0.496774 0.173732
445 0.009721 -2.363622 2.061494 0.990279 0.496556 0.087591
446 0.009721 -2.363622 2.061494 0.990279 0.502276 0.203504
447 0.009721 -2.363622 2.061494 0.990279 0.496397 0.308435
448 0.009721 -2.363622 2.061494 0.990279 0.502339 0.322629
449 0.009721 -2.363622 2.061494 0.990279 0.493189 0.068147
450 0.009721 -2.363622 2.061494 0.990279 0.500612 0.104782
451 0.009721 -2.363622 2.061494 0.990279 0.507838 0.249289
452 0.009721 -2.363622 2.061494 0.990279 0.494609 0.124912
453 0.009721 -2.363622 2.061494 0.990279 0.498270 0.065813
454 0.009721 -2.363622 2.061494 0.990279 0.499891 0.205482
455 0.009721 -2.363622 2.061494 0.990279 0.502605 0.221295
456 0.009721 -2.363622 2.061494 0.990279 0.498281 0.041558
457 0.009721 -2.363622 2.061494 0.990279 0.490269 0.103990
458 0.009721 -2.363622 2.061494 0.990279 0.500061 0.305706
459 0.009721 -2.363622 2.061494 0.990279 0.496713 0.100340
460 0.009721 -2.363622 2.061494 0.990279 0.510558 0.254547
461 0.009721 -2.363622 2.061494 0.990279 0.510576 0.325954
462 0.009721 -2.363622 2.061494 0.990279 0.499097 0.344194
463 0.009721 -2.363622 2.061494 0.990279 0.507756 0.116997
464 0.009721 -2.363622 2.061494 0.990279 0.493546 0.025242
465 0.009721 -2.363622 2.061494 0.990279 0.493410 0.296141
466 0.009721 -2.363622 2.061494 0.990279 0.503734 0.332990
467 0.009721 -2.363622 2.061494 0.990279 0.501841 0.284450
468 0.009721 -2.363622 2.061494 0.990279 0.501282 0.091996
469 0.009721 -2.363622 2.061494 0.990279 0.498054 0.278760
470 0.009721 -2.363622 2.061494 0.990279 0.498693 0.119218
471 0.009721 -2.363622 2.061494 0.990279 0.509027 0.376449
472 0.009721 -2.363622 2.061494 0.990279 0.501658 0.329544
473 0.009721 -2.363622 2.061494 0.990279 0.497589 0.084435
474 0.009721 -2.363622 2.061494 0.990279 0.498169 0.204748
475 0.009721 -2.363622 2.061494 0.990279 0.486856 0.095581
476 0.009721 -2.363622 2.061494 0.990279 0.491420 0.216083
477 0.009721 -2.363622 2.061494 0.990279 0.496180 0.204814
478 0.009721 -2.363622 2.061494 0.990279 0.509165 0.297063
479 0.009721 -2.363622 2.061494 0.990279 0.497905 0.152830
480 0.009721 -2.363622 2.061494 0.990279 0.511795 0.375627
481 0.009721 -2.363622 2.061494 0.990279 0.505153 0.252547
482 0.009721 -2.363622 2.061494 0.990279 0.494867 0.026100
483 0.009721 -2.363622 2.061494 0.990279 0.507384 0.063610
484 0.009721 -2.363622 2.061494 0.990279 0.495501 0.030559
485 0.009721 -2.363622 2.061494 0.990279 0.493718 0.067604
486 0.009721 -2.363622 2.061494 0.990279 0.505075 0.250878
487 0.009721 -2.363622 2.061494 0.990279 0.503797 0.103025
488 0.009721 -2.363622 2.061494 0.990279 0.507606 0.250233
489 0.009721 -2.363622 2.061494 0.990279 0.495872 0.251642
490 0.009721 -2.363622 2.061494 0.990279 0.500185 0.285677
491 0.009721 -2.363622 2.061494 0.990279 0.506065 0.052129
492 0.009721 -2.363622 2.061494 0.990279 0.490812 0.261624
493 0.009721 -2.363622 2.061494 0.990279 0.500906 0.255163
494 0.009721 -2.363622 2.061494 0.990279 0.493462 0.033448
495 0.009721 -2.363622 2.061494 0.990279 0.501471 0.374067
496 0.009721 -2.363622 2.061494 0.990279 0.505937 0.174285
497 0.009721 -2.363622 2.061494 0.990279 0.507083 0.265859
498 0.009721 -2.363622 2.061494 0.990279 0.493664 0.091804
499 0.009721 -2.363622 2.061494 0.990279 0.505465 0.152614
