Lp  F6        x1       x2        Ocena     Średni    Najgorszy
0 0.027088 -3.169299 -0.813306 0.972912 0.509413 0.064347
1 0.027088 -3.169299 -0.813306 0.972912 0.498622 0.111452
2 0.027088 -3.169299 -0.813306 0.972912 0.501622 0.298501
3 0.027088 -3.169299 -0.813306 0.972912 0.498781 0.360067
4 0.027088 -3.169299 -0.813306 0.972912 0.502232 0.170484
5 0.027088 -3.169299 -0.813306 0.972912 0.510365 0.256373
6 0.027088 -3.169299 -0.813306 0.972912 0.497476 0.311454
7 0.027088 -3.169299 -0.813306 0.972912 0.511318 0.325267
8 0.027088 -3.169299 -0.813306 0.972912 0.512646 0.329553
9 0.027088 -3.169299 -0.813306 0.972912 0.506682 0.343702
10 0.027088 -3.169299 -0.813306 0.972912 0.504074 0.311297
11 0.027088 -3.169299 -0.813306 0.972912 0.498777 0.267881
12 0.027088 -3.169299 -0.813306 0.972912 0.499751 0.169930
13 0.027088 -3.169299 -0.813306 0.972912 0.512220 0.221340
14 0.027088 -3.169299 -0.813306 0.972912 0.505223 0.170221
15 0.027088 -3.169299 -0.813306 0.972912 0.490954 0.062732
16 0.027088 -3.169299 -0.813306 0.972912 0.497003 0.208050
17 0.027088 -3.169299 -0.813306 0.972912 0.491313 0.096433
18 0.027088 -3.169299 -0.813306 0.972912 0.502112 0.295409
19 0.027088 -3.169299 -0.813306 0.972912 0.514290 0.329540
20 0.027088 -3.169299 -0.813306 0.972912 0.504801 0.304788
21 0.027088 -3.169299 -0.813306 0.972912 0.498280 0.297529
22 0.027088 -3.169299 -0.813306 0.972912 0.503626 0.250205
23 0.014063 -2.357519 2.171359 0.985937 0.504950 0.028410
24 0.014063 -2.357519 2.171359 0.985937 0.491992 0.059646
25 0.014063 -2.357519 2.171359 0.985937 0.505776 0.334961
26 0.014063 -2.357519 2.171359 0.985937 0.502399 0.202742
27 0.014063 -2.357519 2.171359 0.985937 0.497374 0.035341
28 0.014063 -2.357519 2.171359 0.985937 0.506767 0.230354
29 0.014063 -2.357519 2.171359 0.985937 0.500782 0.234006
30 0.014063 -2.357519 2.171359 0.985937 0.505824 0.256604
31 0.014063 -2.357519 2.171359 0.985937 0.496224 0.185440
32 0.014063 -2.357519 2.171359 0.985937 0.506868 0.301292
33 0.014063 -2.357519 2.171359 0.985937 0.500366 0.103779
34 0.014063 -2.357519 2.171359 0.985937 0.503137 0.096869
35 0.014063 -2.357519 2.171359 0.985937 0.480194 0.147392
36 0.014063 -2.357519 2.171359 0.985937 0.502060 0.377109
37 0.014063 -2.357519 2.171359 0.985937 0.512841 0.294729
38 0.014063 -2.357519 2.171359 0.985937 0.495977 0.153320
39 0.014063 -2.357519 2.171359 0.985937 0.512392 0.297553
40 0.014063 -2.357519 2.171359 0.985937 0.499861 0.170863
41 0.014063 -2.357519 2.171359 0.985937 0.497086 0.227840
42 0.014063 -2.357519 2.171359 0.985937 0.504871 0.115462
43 0.014063 -2.357519 2.171359 0.985937 0.502221 0.262020
44 0.014063 -2.357519 2.171359 0.985937 0.494362 0.211125
45 0.014063 -2.357519 2.171359 0.985937 0.497420 0.252262
46 0.014063 -2.357519 2.171359 0.985937 0.502841 0.340448
47 0.014063 -2.357519 2.171359 0.985937 0.501555 0.242859
48 0.014063 -2.357519 2.171359 0.985937 0.497325 0.027953
49 0.014063 -2.357519 2.171359 0.985937 0.504979 0.239190
50 0.014063 -2.357519 2.171359 0.985937 0.502715 0.360237
51 0.014063 -2.357519 2.171359 0.985937 0.503923 0.344337
52 0.014063 -2.357519 2.171359 0.985937 0.510942 0.131125
53 0.014063 -2.357519 2.171359 0.985937 0.501894 0.022164
54 0.014063 -2.357519 2.171359 0.985937 0.493443 0.060597
55 0.014063 -2.357519 2.171359 0.985937 0.501811 0.194299
56 0.014063 -2.357519 2.171359 0.985937 0.504025 0.390108
57 0.014063 -2.357519 2.171359 0.985937 0.493697 0.042156
58 0.014063 -2.357519 2.171359 0.985937 0.507870 0.403903
59 0.014063 -2.357519 2.171359 0.985937 0.507348 0.299658
60 0.014063 -2.357519 2.171359 0.985937 0.494510 0.126433
61 0.014063 -2.357519 2.171359 0.985937 0.503345 0.404113
62 0.014063 -2.357519 2.171359 0.985937 0.493173 0.223074
63 0.014063 -2.357519 2.171359 0.985937 0.493348 0.141379
64 0.014063 -2.357519 2.171359 0.985937 0.494534 0.180159
65 0.014063 -2.357519 2.171359 0.985937 0.488054 0.155017
66 0.014063 -2.357519 2.171359 0.985937 0.495234 0.187422
67 0.014063 -2.357519 2.171359 0.985937 0.499771 0.385287
68 0.014063 -2.357519 2.171359 0.985937 0.499109 0.337651
69 0.014063 -2.357519 2.171359 0.985937 0.503495 0.204800
70 0.014063 -2.357519 2.171359 0.985937 0.501539 0.154816
71 0.014063 -2.357519 2.171359 0.985937 0.496158 0.202808
72 0.014063 -2.357519 2.171359 0.985937 0.514817 0.348544
73 0.014063 -2.357519 2.171359 0.985937 0.498413 0.028994
74 0.014063 -2.357519 2.171359 0.985937 0.511992 0.214480
75 0.014063 -2.357519 2.171359 0.985937 0.495542 0.037701
76 0.014063 -2.357519 2.171359 0.985937 0.491725 0.092709
77 0.014063 -2.357519 2.171359 0.985937 0.500864 0.274370
78 0.014063 -2.357519 2.171359 0.985937 0.503157 0.258400
79 0.014063 -2.357519 2.171359 0.985937 0.504157 0.434567
80 0.014063 -2.357519 2.171359 0.985937 0.499721 0.253762
81 0.014063 -2.357519 2.171359 0.985937 0.500403 0.178031
82 0.014063 -2.357519 2.171359 0.985937 0.501442 0.336779
83 0.014063 -2.357519 2.171359 0.985937 0.511949 0.385769
84 0.014063 -2.357519 2.171359 0.985937 0.501717 0.294765
85 0.014063 -2.357519 2.171359 0.985937 0.481461 0.066818
86 0.014063 -2.357519 2.171359 0.985937 0.505431 0.344220
87 0.014063 -2.357519 2.171359 0.985937 0.491365 0.058727
88 0.014063 -2.357519 2.171359 0.985937 0.490201 0.108111
89 0.014063 -2.357519 2.171359 0.985937 0.501818 0.056425
90 0.014063 -2.357519 2.171359 0.985937 0.495472 0.281335
91 0.014063 -2.357519 2.171359 0.985937 0.492636 0.058279
92 0.014063 -2.357519 2.171359 0.985937 0.501257 0.071962
93 0.014063 -2.357519 2.171359 0.985937 0.498164 0.053072
94 0.014063 -2.357519 2.171359 0.985937 0.497101 0.103572
95 0.014063 -2.357519 2.171359 0.985937 0.501807 0.251742
96 0.014063 -2.357519 2.171359 0.985937 0.492592 0.100792
97 0.014063 -2.357519 2.171359 0.985937 0.511200 0.458338
98 0.014063 -2.357519 2.171359 0.985937 0.492763 0.032843
99 0.014063 -2.357519 2.171359 0.985937 0.505765 0.300965
100 0.014063 -2.357519 2.171359 0.985937 0.497611 0.155454
101 0.014063 -2.357519 2.171359 0.985937 0.495408 0.240092
102 0.014063 -2.357519 2.171359 0.985937 0.501958 0.179123
103 0.014063 -2.357519 2.171359 0.985937 0.496832 0.154978
104 0.014063 -2.357519 2.171359 0.985937 0.499557 0.342925
105 0.014063 -2.357519 2.171359 0.985937 0.508096 0.386592
106 0.014063 -2.357519 2.171359 0.985937 0.497816 0.205108
107 0.014063 -2.357519 2.171359 0.985937 0.505311 0.255098
108 0.010455 -2.580301 1.738003 0.989545 0.502885 0.310666
109 0.010455 -2.580301 1.738003 0.989545 0.500586 0.254762
110 0.010455 -2.580301 1.738003 0.989545 0.492916 0.078889
111 0.010455 -2.580301 1.738003 0.989545 0.499764 0.154346
112 0.010455 -2.580301 1.738003 0.989545 0.497714 0.113142
113 0.010455 -2.580301 1.738003 0.989545 0.496690 0.192589
114 0.010455 -2.580301 1.738003 0.989545 0.490361 0.058726
115 0.010455 -2.580301 1.738003 0.989545 0.498310 0.091723
116 0.010455 -2.580301 1.738003 0.989545 0.499827 0.369255
117 0.010455 -2.580301 1.738003 0.989545 0.495317 0.210112
118 0.010455 -2.580301 1.738003 0.989545 0.484004 0.024150
119 0.010455 -2.580301 1.738003 0.989545 0.499359 0.156245
120 0.010455 -2.580301 1.738003 0.989545 0.494011 0.052874
121 0.010455 -2.580301 1.738003 0.989545 0.495968 0.199502
122 0.010455 -2.580301 1.738003 0.989545 0.508676 0.278675
123 0.010455 -2.580301 1.738003 0.989545 0.494271 0.250905
124 0.010455 -2.580301 1.738003 0.989545 0.497169 0.346878
125 0.010455 -2.580301 1.738003 0.989545 0.503144 0.339657
126 0.010455 -2.580301 1.738003 0.989545 0.492933 0.173286
127 0.010455 -2.580301 1.738003 0.989545 0.508427 0.302274
128 0.010455 -2.580301 1.738003 0.989545 0.500293 0.118463
129 0.010455 -2.580301 1.738003 0.989545 0.491036 0.024973
130 0.010455 -2.580301 1.738003 0.989545 0.507335 0.360065
131 0.010455 -2.580301 1.738003 0.989545 0.496728 0.222596
132 0.010455 -2.580301 1.738003 0.989545 0.507670 0.265386
133 0.010455 -2.580301 1.738003 0.989545 0.498203 0.062141
134 0.010455 -2.580301 1.738003 0.989545 0.520146 0.361562
135 0.010455 -2.580301 1.738003 0.989545 0.499945 0.259888
136 0.010455 -2.580301 1.738003 0.989545 0.510769 0.408981
137 0.010455 -2.580301 1.738003 0.989545 0.497457 0.106948
138 0.010455 -2.580301 1.738003 0.989545 0.495465 0.061223
139 0.010455 -2.580301 1.738003 0.989545 0.507680 0.367595
140 0.010455 -2.580301 1.738003 0.989545 0.500387 0.203382
141 0.010455 -2.580301 1.738003 0.989545 0.495826 0.064737
142 0.010455 -2.580301 1.738003 0.989545 0.504797 0.225943
143 0.010455 -2.580301 1.738003 0.989545 0.503834 0.100913
144 0.010455 -2.580301 1.738003 0.989545 0.497611 0.222339
145 0.010455 -2.580301 1.738003 0.989545 0.517795 0.385337
146 0.010455 -2.580301 1.738003 0.989545 0.491989 0.132175
147 0.010455 -2.580301 1.738003 0.989545 0.502158 0.308329
148 0.010455 -2.580301 1.738003 0.989545 0.488790 0.022472
149 0.010455 -2.580301 1.738003 0.989545 0.502394 0.154013
150 0.010455 -2.580301 1.738003 0.989545 0.507861 0.179405
151 0.010455 -2.580301 1.738003 0.989545 0.514558 0.296458
152 0.010455 -2.580301 1.738003 0.989545 0.494593 0.203472
153 0.010455 -2.580301 1.738003 0.989545 0.505405 0.197584
154 0.010455 -2.580301 1.738003 0.989545 0.486179 0.110649
155 0.010455 -2.580301 1.738003 0.989545 0.500610 0.300928
156 0.010455 -2.580301 1.738003 0.989545 0.504757 0.310796
157 0.010455 -2.580301 1.738003 0.989545 0.495477 0.203382
158 0.010455 -2.580301 1.738003 0.989545 0.497317 0.156843
159 0.010455 -2.580301 1.738003 0.989545 0.504026 0.312423
160 0.010455 -2.580301 1.738003 0.989545 0.494159 0.241683
161 0.010455 -2.580301 1.738003 0.989545 0.507806 0.328705
162 0.010455 -2.580301 1.738003 0.989545 0.501188 0.180347
163 0.010455 -2.580301 1.738003 0.989545 0.498738 0.224497
164 0.010455 -2.580301 1.738003 0.989545 0.507505 0.393255
165 0.010455 -2.580301 1.738003 0.989545 0.505097 0.336623
166 0.010455 -2.580301 1.738003 0.989545 0.485459 0.104801
167 0.010455 -2.580301 1.738003 0.989545 0.503135 0.319564
168 0.010455 -2.580301 1.738003 0.989545 0.502493 0.252902
169 0.010455 -2.580301 1.738003 0.989545 0.501836 0.230083
170 0.010455 -2.580301 1.738003 0.989545 0.496625 0.067168
171 0.010455 -2.580301 1.738003 0.989545 0.497585 0.218053
172 0.010455 -2.580301 1.738003 0.989545 0.496157 0.343080
173 0.010455 -2.580301 1.738003 0.989545 0.501734 0.294373
174 0.010455 -2.580301 1.738003 0.989545 0.503343 0.405099
175 0.010455 -2.580301 1.738003 0.989545 0.504025 0.102077
176 0.010455 -2.580301 1.738003 0.989545 0.505453 0.251093
177 0.010455 -2.580301 1.738003 0.989545 0.500618 0.268760
178 0.010455 -2.580301 1.738003 0.989545 0.499481 0.310976
179 0.010455 -2.580301 1.738003 0.989545 0.488225 0.081924
180 0.010455 -2.580301 1.738003 0.989545 0.505903 0.331552
181 0.010455 -2.580301 1.738003 0.989545 0.486174 0.064278
182 0.010455 -2.580301 1.738003 0.989545 0.501137 0.336875
183 0.010455 -2.580301 1.738003 0.989545 0.494488 0.128923
184 0.010455 -2.580301 1.738003 0.989545 0.494231 0.136342
185 0.010455 -2.580301 1.738003 0.989545 0.498242 0.251783
186 0.010455 -2.580301 1.738003 0.989545 0.503368 0.119715
187 0.010455 -2.580301 1.738003 0.989545 0.494064 0.224480
188 0.010455 -2.580301 1.738003 0.989545 0.489630 0.056508
189 0.010455 -2.580301 1.738003 0.989545 0.496622 0.133839
190 0.010455 -2.580301 1.738003 0.989545 0.497447 0.061333
191 0.010455 -2.580301 1.738003 0.989545 0.501860 0.338683
192 0.010455 -2.580301 1.738003 0.989545 0.495536 0.294565
193 0.010455 -2.580301 1.738003 0.989545 0.503608 0.254176
194 0.010455 -2.580301 1.738003 0.989545 0.503984 0.310564
195 0.010455 -2.580301 1.738003 0.989545 0.499715 0.287766
196 0.010455 -2.580301 1.738003 0.989545 0.505333 0.263765
197 0.010455 -2.580301 1.738003 0.989545 0.499373 0.289741
198 0.010455 -2.580301 1.738003 0.989545 0.498186 0.286965
199 0.010455 -2.580301 1.738003 0.989545 0.505319 0.251072
200 0.010455 -2.580301 1.738003 0.989545 0.494564 0.222963
201 0.010455 -2.580301 1.738003 0.989545 0.500356 0.294202
202 0.010455 -2.580301 1.738003 0.989545 0.493388 0.108747
203 0.010455 -2.580301 1.738003 0.989545 0.499734 0.190364
204 0.010455 -2.580301 1.738003 0.989545 0.498112 0.165813
205 0.010455 -2.580301 1.738003 0.989545 0.504429 0.171854
206 0.010455 -2.580301 1.738003 0.989545 0.495104 0.149737
207 0.010455 -2.580301 1.738003 0.989545 0.498086 0.259362
208 0.010455 -2.580301 1.738003 0.989545 0.501737 0.175052
209 0.010455 -2.580301 1.738003 0.989545 0.506934 0.111134
210 0.010455 -2.580301 1.738003 0.989545 0.503870 0.207595
211 0.010455 -2.580301 1.738003 0.989545 0.506547 0.212320
212 0.010455 -2.580301 1.738003 0.989545 0.511956 0.184786
213 0.010455 -2.580301 1.738003 0.989545 0.492242 0.153510
214 0.010455 -2.580301 1.738003 0.989545 0.501637 0.319200
215 0.010455 -2.580301 1.738003 0.989545 0.503333 0.224494
216 0.010455 -2.580301 1.738003 0.989545 0.499710 0.136826
217 0.010455 -2.580301 1.738003 0.989545 0.496946 0.007443
218 0.010455 -2.580301 1.738003 0.989545 0.494909 0.075233
219 0.010455 -2.580301 1.738003 0.989545 0.503480 0.237212
220 0.010455 -2.580301 1.738003 0.989545 0.514295 0.348528
221 0.010455 -2.580301 1.738003 0.989545 0.515994 0.320108
222 0.010455 -2.580301 1.738003 0.989545 0.497155 0.203915
223 0.010455 -2.580301 1.738003 0.989545 0.503334 0.273111
224 0.010455 -2.580301 1.738003 0.989545 0.489906 0.205229
225 0.010455 -2.580301 1.738003 0.989545 0.501352 0.085826
226 0.010455 -2.580301 1.738003 0.989545 0.497522 0.164843
227 0.010455 -2.580301 1.738003 0.989545 0.496559 0.253029
228 0.010455 -2.580301 1.738003 0.989545 0.496811 0.056430
229 0.010455 -2.580301 1.738003 0.989545 0.505202 0.300021
230 0.010455 -2.580301 1.738003 0.989545 0.491369 0.204275
231 0.010455 -2.580301 1.738003 0.989545 0.506143 0.272481
232 0.010455 -2.580301 1.738003 0.989545 0.507263 0.101971
233 0.010455 -2.580301 1.738003 0.989545 0.497609 0.162152
234 0.010455 -2.580301 1.738003 0.989545 0.499816 0.073746
235 0.010455 -2.580301 1.738003 0.989545 0.494205 0.025573
236 0.010455 -2.580301 1.738003 0.989545 0.500337 0.200640
237 0.010455 -2.580301 1.738003 0.989545 0.504281 0.057539
238 0.010455 -2.580301 1.738003 0.989545 0.485217 0.139112
239 0.010455 -2.580301 1.738003 0.989545 0.492268 0.143067
240 0.010455 -2.580301 1.738003 0.989545 0.496120 0.056491
241 0.010455 -2.580301 1.738003 0.989545 0.495804 0.209056
242 0.010455 -2.580301 1.738003 0.989545 0.490812 0.051996
243 0.010455 -2.580301 1.738003 0.989545 0.506133 0.405882
244 0.010455 -2.580301 1.738003 0.989545 0.501577 0.098551
245 0.010455 -2.580301 1.738003 0.989545 0.508100 0.153295
246 0.010455 -2.580301 1.738003 0.989545 0.489883 0.179631
247 0.010455 -2.580301 1.738003 0.989545 0.504195 0.360081
248 0.010455 -2.580301 1.738003 0.989545 0.515018 0.291011
249 0.010455 -2.580301 1.738003 0.989545 0.494504 0.094832
250 0.010455 -2.580301 1.738003 0.989545 0.508627 0.329631
251 0.010455 -2.580301 1.738003 0.989545 0.503893 0.264946
252 0.010455 -2.580301 1.738003 0.989545 0.490247 0.119478
253 0.010455 -2.580301 1.738003 0.989545 0.504821 0.162838
254 0.010455 -2.580301 1.738003 0.989545 0.499005 0.211921
255 0.010455 -2.580301 1.738003 0.989545 0.497795 0.357864
256 0.010455 -2.580301 1.738003 0.989545 0.497669 0.191532
257 0.010455 -2.580301 1.738003 0.989545 0.506322 0.155193
258 0.010455 -2.580301 1.738003 0.989545 0.515336 0.409541
259 0.010455 -2.580301 1.738003 0.989545 0.498906 0.400719
260 0.010455 -2.580301 1.738003 0.989545 0.508602 0.332401
261 0.010455 -2.580301 1.738003 0.989545 0.488692 0.203092
262 0.010455 -2.580301 1.738003 0.989545 0.508673 0.278205
263 0.010455 -2.580301 1.738003 0.989545 0.515994 0.336288
264 0.010455 -2.580301 1.738003 0.989545 0.497277 0.302225
265 0.010455 -2.580301 1.738003 0.989545 0.491729 0.219648
266 0.010455 -2.580301 1.738003 0.989545 0.495733 0.204424
267 0.010455 -2.580301 1.738003 0.989545 0.494191 0.160828
268 0.010455 -2.580301 1.738003 0.989545 0.503867 0.015207
269 0.010455 -2.580301 1.738003 0.989545 0.498032 0.275968
270 0.010455 -2.580301 1.738003 0.989545 0.493511 0.205889
271 0.010455 -2.580301 1.738003 0.989545 0.504178 0.123706
272 0.010455 -2.580301 1.738003 0.989545 0.503099 0.294634
273 0.010455 -2.580301 1.738003 0.989545 0.498496 0.153719
274 0.010455 -2.580301 1.738003 0.989545 0.505113 0.332934
275 0.010455 -2.580301 1.738003 0.989545 0.506100 0.347196
276 0.010455 -2.580301 1.738003 0.989545 0.492287 0.248535
277 0.010455 -2.580301 1.738003 0.989545 0.499013 0.206129
278 0.010455 -2.580301 1.738003 0.989545 0.501183 0.313407
279 0.010455 -2.580301 1.738003 0.989545 0.499497 0.244050
280 0.010455 -2.580301 1.738003 0.989545 0.500579 0.164321
281 0.010455 -2.580301 1.738003 0.989545 0.497543 0.155421
282 0.010455 -2.580301 1.738003 0.989545 0.496438 0.347331
283 0.010455 -2.580301 1.738003 0.989545 0.501099 0.316222
284 0.010455 -2.580301 1.738003 0.989545 0.495024 0.071024
285 0.010455 -2.580301 1.738003 0.989545 0.493034 0.056374
286 0.010455 -2.580301 1.738003 0.989545 0.513994 0.382257
287 0.010455 -2.580301 1.738003 0.989545 0.495369 0.237703
288 0.010455 -2.580301 1.738003 0.989545 0.508964 0.187648
289 0.010455 -2.580301 1.738003 0.989545 0.491965 0.024878
290 0.010172 -0.126650 3.114366 0.989828 0.508411 0.313550
291 0.010172 -0.126650 3.114366 0.989828 0.499998 0.074648
292 0.010172 -0.126650 3.114366 0.989828 0.501206 0.305175
293 0.010172 -0.126650 3.114366 0.989828 0.494604 0.102946
294 0.010172 -0.126650 3.114366 0.989828 0.495585 0.256633
295 0.010172 -0.126650 3.114366 0.989828 0.504319 0.153718
296 0.010172 -0.126650 3.114366 0.989828 0.499372 0.162078
297 0.010172 -0.126650 3.114366 0.989828 0.497527 0.023549
298 0.010172 -0.126650 3.114366 0.989828 0.503024 0.334518
299 0.010172 -0.126650 3.114366 0.989828 0.499185 0.086937
300 0.010172 -0.126650 3.114366 0.989828 0.494397 0.112565
301 0.010172 -0.126650 3.114366 0.989828 0.486064 0.062460
302 0.010172 -0.126650 3.114366 0.989828 0.495842 0.079256
303 0.010172 -0.126650 3.114366 0.989828 0.505595 0.228661
304 0.010172 -0.126650 3.114366 0.989828 0.509794 0.409165
305 0.010172 -0.126650 3.114366 0.989828 0.490830 0.165715
306 0.010172 -0.126650 3.114366 0.989828 0.507469 0.266164
307 0.010172 -0.126650 3.114366 0.989828 0.511627 0.323168
308 0.010172 -0.126650 3.114366 0.989828 0.491041 0.106549
309 0.010172 -0.126650 3.114366 0.989828 0.494326 0.069124
310 0.010172 -0.126650 3.114366 0.989828 0.492317 0.238815
311 0.010172 -0.126650 3.114366 0.989828 0.500206 0.253159
312 0.010172 -0.126650 3.114366 0.989828 0.505767 0.389495
313 0.010172 -0.126650 3.114366 0.989828 0.489703 0.057056
314 0.010172 -0.126650 3.114366 0.989828 0.494539 0.252124
315 0.010172 -0.126650 3.114366 0.989828 0.497990 0.239409
316 0.010172 -0.126650 3.114366 0.989828 0.506489 0.287560
317 0.010172 -0.126650 3.114366 0.989828 0.498422 0.335005
318 0.010172 -0.126650 3.114366 0.989828 0.495660 0.157097
319 0.010172 -0.126650 3.114366 0.989828 0.486980 0.069396
320 0.010172 -0.126650 3.114366 0.989828 0.502297 0.293193
321 0.010172 -0.126650 3.114366 0.989828 0.488697 0.121541
322 0.010172 -0.126650 3.114366 0.989828 0.519192 0.363018
323 0.010172 -0.126650 3.114366 0.989828 0.495547 0.104043
324 0.010172 -0.126650 3.114366 0.989828 0.494505 0.264311
325 0.010172 -0.126650 3.114366 0.989828 0.509296 0.268303
326 0.010172 -0.126650 3.114366 0.989828 0.496992 0.073310
327 0.010172 -0.126650 3.114366 0.989828 0.509800 0.386761
328 0.010172 -0.126650 3.114366 0.989828 0.506236 0.155871
329 0.010172 -0.126650 3.114366 0.989828 0.508531 0.310769
330 0.010172 -0.126650 3.114366 0.989828 0.498143 0.215736
331 0.010172 -0.126650 3.114366 0.989828 0.515612 0.277173
332 0.010172 -0.126650 3.114366 0.989828 0.494464 0.128618
333 0.010172 -0.126650 3.114366 0.989828 0.500366 0.152657
334 0.010172 -0.126650 3.114366 0.989828 0.503785 0.195235
335 0.010172 -0.126650 3.114366 0.989828 0.493843 0.296107
336 0.010172 -0.126650 3.114366 0.989828 0.505130 0.297061
337 0.010172 -0.126650 3.114366 0.989828 0.493016 0.156893
338 0.010172 -0.126650 3.114366 0.989828 0.501658 0.215595
339 0.010172 -0.126650 3.114366 0.989828 0.498467 0.224339
340 0.010172 -0.126650 3.114366 0.989828 0.490396 0.203765
341 0.010172 -0.126650 3.114366 0.989828 0.492888 0.104141
342 0.010172 -0.126650 3.114366 0.989828 0.498544 0.251239
343 0.010172 -0.126650 3.114366 0.989828 0.491894 0.206044
344 0.010172 -0.126650 3.114366 0.989828 0.491103 0.162168
345 0.010172 -0.126650 3.114366 0.989828 0.498626 0.102299
346 0.010172 -0.126650 3.114366 0.989828 0.494056 0.255819
347 0.010172 -0.126650 3.114366 0.989828 0.502131 0.272293
348 0.010172 -0.126650 3.114366 0.989828 0.500407 0.245055
349 0.010172 -0.126650 3.114366 0.989828 0.507208 0.153824
350 0.010172 -0.126650 3.114366 0.989828 0.493002 0.131270
351 0.010172 -0.126650 3.114366 0.989828 0.493335 0.121674
352 0.010172 -0.126650 3.114366 0.989828 0.490183 0.204571
353 0.010172 -0.126650 3.114366 0.989828 0.512289 0.202864
354 0.010172 -0.126650 3.114366 0.989828 0.510571 0.400800
355 0.010172 -0.126650 3.114366 0.989828 0.495297 0.110396
356 0.010172 -0.126650 3.114366 0.989828 0.498237 0.252190
357 0.010172 -0.126650 3.114366 0.989828 0.491598 0.022826
358 0.010172 -0.126650 3.114366 0.989828 0.499344 0.307005
359 0.010172 -0.126650 3.114366 0.989828 0.500361 0.269950
360 0.010172 -0.126650 3.114366 0.989828 0.502189 0.152356
361 0.010172 -0.126650 3.114366 0.989828 0.503464 0.237849
362 0.010172 -0.126650 3.114366 0.989828 0.500595 0.140476
363 0.010172 -0.126650 3.114366 0.989828 0.497218 0.033642
364 0.010172 -0.126650 3.114366 0.989828 0.513103 0.192261
365 0.010172 -0.126650 3.114366 0.989828 0.496261 0.242396
366 0.010172 -0.126650 3.114366 0.989828 0.508210 0.217683
367 0.010172 -0.126650 3.114366 0.989828 0.494260 0.387831
368 0.010172 -0.126650 3.114366 0.989828 0.509512 0.393350
369 0.003562 0.004578 -0.059510 0.996438 0.509126 0.251718
370 0.003562 0.004578 -0.059510 0.996438 0.500724 0.061792
371 0.003562 0.004578 -0.059510 0.996438 0.497616 0.238048
372 0.003562 0.004578 -0.059510 0.996438 0.495349 0.133936
373 0.003562 0.004578 -0.059510 0.996438 0.498236 0.366402
374 0.003562 0.004578 -0.059510 0.996438 0.494446 0.228808
375 0.003562 0.004578 -0.059510 0.996438 0.502144 0.214341
376 0.003562 0.004578 -0.059510 0.996438 0.500243 0.081763
377 0.003562 0.004578 -0.059510 0.996438 0.500648 0.279685
378 0.003562 0.004578 -0.059510 0.996438 0.507857 0.330191
379 0.003562 0.004578 -0.059510 0.996438 0.494816 0.237721
380 0.003562 0.004578 -0.059510 0.996438 0.500702 0.043733
381 0.003562 0.004578 -0.059510 0.996438 0.498794 0.057916
382 0.003562 0.004578 -0.059510 0.996438 0.498278 0.083133
383 0.003562 0.004578 -0.059510 0.996438 0.505885 0.205913
384 0.003562 0.004578 -0.059510 0.996438 0.496879 0.103258
385 0.003562 0.004578 -0.059510 0.996438 0.488462 0.082664
386 0.003562 0.004578 -0.059510 0.996438 0.501392 0.030077
387 0.003562 0.004578 -0.059510 0.996438 0.508775 0.262421
388 0.003562 0.004578 -0.059510 0.996438 0.503742 0.205897
389 0.003562 0.004578 -0.059510 0.996438 0.495426 0.054164
390 0.003562 0.004578 -0.059510 0.996438 0.500000 0.334320
391 0.003562 0.004578 -0.059510 0.996438 0.498276 0.286932
392 0.003562 0.004578 -0.059510 0.996438 0.501378 0.253017
393 0.003562 0.004578 -0.059510 0.996438 0.498745 0.105399
394 0.003562 0.004578 -0.059510 0.996438 0.489607 0.203380
395 0.003562 0.004578 -0.059510 0.996438 0.501041 0.254526
396 0.003562 0.004578 -0.059510 0.996438 0.510589 0.330280
397 0.003562 0.004578 -0.059510 0.996438 0.497533 0.259017
398 0.003562 0.004578 -0.059510 0.996438 0.498548 0.308560
399 0.003562 0.004578 -0.059510 0.996438 0.508523 0.337606
400 0.003562 0.004578 -0.059510 0.996438 0.498118 0.302664
401 0.003562 0.004578 -0.059510 0.996438 0.488121 0.064800
402 0.003562 0.004578 -0.059510 0.996438 0.502885 0.251069
403 0.003562 0.004578 -0.059510 0.996438 0.499344 0.332210
404 0.003562 0.004578 -0.059510 0.996438 0.516593 0.310048
405 0.003562 0.004578 -0.059510 0.996438 0.496487 0.246591
406 0.003562 0.004578 -0.059510 0.996438 0.498380 0.251333
407 0.003562 0.004578 -0.059510 0.996438 0.493610 0.102761
408 0.003562 0.004578 -0.059510 0.996438 0.499587 0.203796
409 0.003562 0.004578 -0.059510 0.996438 0.483690 0.113745
410 0.003562 0.004578 -0.059510 0.996438 0.495950 0.147613
411 0.003562 0.004578 -0.059510 0.996438 0.497624 0.104455
412 0.003562 0.004578 -0.059510 0.996438 0.497371 0.173168
413 0.003562 0.004578 -0.059510 0.996438 0.508332 0.142187
414 0.003562 0.004578 -0.059510 0.996438 0.490291 0.135773
415 0.003562 0.004578 -0.059510 0.996438 0.506068 0.347477
416 0.003562 0.004578 -0.059510 0.996438 0.508357 0.021915
417 0.003562 0.004578 -0.059510 0.996438 0.500222 0.300266
418 0.003562 0.004578 -0.059510 0.996438 0.502416 0.300906
419 0.003562 0.004578 -0.059510 0.996438 0.500647 0.298803
420 0.003562 0.004578 -0.059510 0.996438 0.496268 0.073257
421 0.003562 0.004578 -0.059510 0.996438 0.494020 0.134261
422 0.003562 0.004578 -0.059510 0.996438 0.500043 0.301654
423 0.003562 0.004578 -0.059510 0.996438 0.506224 0.294324
424 0.003562 0.004578 -0.059510 0.996438 0.501628 0.332185
425 0.003562 0.004578 -0.059510 0.996438 0.503075 0.224707
426 0.003562 0.004578 -0.059510 0.996438 0.492847 0.081043
427 0.003562 0.004578 -0.059510 0.996438 0.513890 0.291971
428 0.003562 0.004578 -0.059510 0.996438 0.500534 0.116987
429 0.003562 0.004578 -0.059510 0.996438 0.493656 0.206720
430 0.003562 0.004578 -0.059510 0.996438 0.505478 0.357618
431 0.003562 0.004578 -0.059510 0.996438 0.492369 0.186082
432 0.003562 0.004578 -0.059510 0.996438 0.506914 0.133040
433 0.003562 0.004578 -0.059510 0.996438 0.503347 0.182585
434 0.003562 0.004578 -0.059510 0.996438 0.501544 0.206610
435 0.003562 0.004578 -0.059510 0.996438 0.501459 0.331437
436 0.003562 0.004578 -0.059510 0.996438 0.502996 0.139595
437 0.003562 0.004578 -0.059510 0.996438 0.498736 0.311461
438 0.003562 0.004578 -0.059510 0.996438 0.509551 0.358736
439 0.003562 0.004578 -0.059510 0.996438 0.492250 0.220572
440 0.003562 0.004578 -0.059510 0.996438 0.496521 0.140998
441 0.003562 0.004578 -0.059510 0.996438 0.502713 0.183806
442 0.003562 0.004578 -0.059510 0.996438 0.487808 0.056367
443 0.003562 0.004578 -0.059510 0.996438 0.495851 0.158685
444 0.003562 0.004578 -0.059510 0.996438 0.494829 0.102373
445 0.003562 0.004578 -0.059510 0.996438 0.502969 0.107118
446 0.003562 0.004578 -0.059510 0.996438 0.497055 0.123690
447 0.003562 0.004578 -0.059510 0.996438 0.496105 0.293377
448 0.003562 0.004578 -0.059510 0.996438 0.493684 0.209761
449 0.003562 0.004578 -0.059510 0.996438 0.496002 0.333041
450 0.003562 0.004578 -0.059510 0.996438 0.507284 0.056365
451 0.003562 0.004578 -0.059510 0.996438 0.502157 0.294886
452 0.003562 0.004578 -0.059510 0.996438 0.494029 0.015092
453 0.003562 0.004578 -0.059510 0.996438 0.495915 0.355959
454 0.003562 0.004578 -0.059510 0.996438 0.505280 0.121486
455 0.003562 0.004578 -0.059510 0.996438 0.508647 0.377490
456 0.003562 0.004578 -0.059510 0.996438 0.490146 0.270854
457 0.003562 0.004578 -0.059510 0.996438 0.502558 0.329544
458 0.003562 0.004578 -0.059510 0.996438 0.504472 0.276137
459 0.003562 0.004578 -0.059510 0.996438 0.495700 0.155864
460 0.003562 0.004578 -0.059510 0.996438 0.504483 0.052115
461 0.003562 0.004578 -0.059510 0.996438 0.500399 0.107464
462 0.003562 0.004578 -0.059510 0.996438 0.505807 0.268945
463 0.003562 0.004578 -0.059510 0.996438 0.499615 0.134518
464 0.003562 0.004578 -0.059510 0.996438 0.498976 0.209686
465 0.003562 0.004578 -0.059510 0.996438 0.509475 0.408412
466 0.003562 0.004578 -0.059510 0.996438 0.507783 0.352635
467 0.003562 0.004578 -0.059510 0.996438 0.510033 0.192501
468 0.003562 0.004578 -0.059510 0.996438 0.502211 0.340489
469 0.003562 0.004578 -0.059510 0.996438 0.508435 0.204587
470 0.003562 0.004578 -0.059510 0.996438 0.505746 0.206962
471 0.003562 0.004578 -0.059510 0.996438 0.502375 0.230832
472 0.003562 0.004578 -0.059510 0.996438 0.508289 0.080088
473 0.003562 0.004578 -0.059510 0.996438 0.508534 0.135311
474 0.003562 0.004578 -0.059510 0.996438 0.503548 0.102790
475 0.003562 0.004578 -0.059510 0.996438 0.496236 0.277476
476 0.003562 0.004578 -0.059510 0.996438 0.516130 0.268961
477 0.003562 0.004578 -0.059510 0.996438 0.491305 0.215651
478 0.003562 0.004578 -0.059510 0.996438 0.496202 0.329107
479 0.003562 0.004578 -0.059510 0.996438 0.492708 0.204279
480 0.003562 0.004578 -0.059510 0.996438 0.501782 0.331196
481 0.003562 0.004578 -0.059510 0.996438 0.511655 0.330409
482 0.003562 0.004578 -0.059510 0.996438 0.504294 0.068953
483 0.003562 0.004578 -0.059510 0.996438 0.508361 0.436603
484 0.003562 0.004578 -0.059510 0.996438 0.486124 0.122411
485 0.003562 0.004578 -0.059510 0.996438 0.510748 0.345690
486 0.003562 0.004578 -0.059510 0.996438 0.493750 0.035719
487 0.003562 0.004578 -0.059510 0.996438 0.499961 0.300101
488 0.003562 0.004578 -0.059510 0.996438 0.502634 0.310996
489 0.003562 0.004578 -0.059510 0.996438 0.500516 0.316640
490 0.003562 0.004578 -0.059510 0.996438 0.489183 0.235709
491 0.003562 0.004578 -0.059510 0.996438 0.504715 0.102827
492 0.003562 0.004578 -0.059510 0.996438 0.493393 0.213818
493 0.003562 0.004578 -0.059510 0.996438 0.496414 0.158271
494 0.003562 0.004578 -0.059510 0.996438 0.496403 0.134382
495 0.003562 0.004578 -0.059510 0.996438 0.496933 0.279467
496 0.003562 0.004578 -0.059510 0.996438 0.507557 0.205062
497 0.003562 0.004578 -0.059510 0.996438 0.491744 0.257109
498 0.003562 0.004578 -0.059510 0.996438 0.499303 0.363190
499 0.003562 0.004578 -0.059510 0.996438 0.496869 0.332739
