Lp  F6        x1       x2        Ocena     Średni    Najgorszy
0 0.009721 1.515221 2.751202 0.990279 0.516478 0.066498
1 0.009721 1.515221 2.751202 0.990279 0.496749 0.012099
2 0.009721 1.515221 2.751202 0.990279 0.542740 0.002999
3 0.009721 1.515221 2.751202 0.990279 0.517821 0.016391
4 0.009721 1.515221 2.751202 0.990279 0.537858 0.226753
5 0.009721 1.515221 2.751202 0.990279 0.513466 0.021480
6 0.009721 1.515221 2.751202 0.990279 0.513398 0.034426
7 0.009720 -2.714580 -1.579309 0.990280 0.533088 0.025354
8 0.009720 -2.714580 -1.579309 0.990280 0.539362 0.067722
9 0.009720 -2.714580 -1.579309 0.990280 0.513200 0.056849
10 0.009720 -2.714580 -1.579309 0.990280 0.504700 0.106588
11 0.009720 -2.714580 -1.579309 0.990280 0.501348 0.040894
12 0.009720 -2.714580 -1.579309 0.990280 0.542573 0.027498
13 0.009720 -2.714580 -1.579309 0.990280 0.516009 0.136430
14 0.009720 -2.714580 -1.579309 0.990280 0.559165 0.152805
15 0.009720 -2.714580 -1.579309 0.990280 0.531116 0.062237
16 0.009720 -2.714580 -1.579309 0.990280 0.542479 0.049324
17 0.009720 -2.714580 -1.579309 0.990280 0.511754 0.103521
18 0.009720 -2.714580 -1.579309 0.990280 0.516624 0.004997
19 0.009720 -2.714580 -1.579309 0.990280 0.533557 0.076786
20 0.009720 -2.714580 -1.579309 0.990280 0.514216 0.068294
21 0.009720 -2.714580 -1.579309 0.990280 0.530565 0.110596
22 0.009720 -2.714580 -1.579309 0.990280 0.524909 0.042008
23 0.009720 -2.714580 -1.579309 0.990280 0.530462 0.012652
24 0.009720 -2.714580 -1.579309 0.990280 0.524328 0.153737
25 0.009720 -2.714580 -1.579309 0.990280 0.520661 0.019342
26 0.009720 -2.714580 -1.579309 0.990280 0.503343 0.132016
27 0.009720 -2.714580 -1.579309 0.990280 0.489650 0.078629
28 0.009716 2.815290 1.387045 0.990284 0.516456 0.022860
29 0.009716 2.815290 1.387045 0.990284 0.527484 0.033597
30 0.009716 2.815290 1.387045 0.990284 0.510828 0.052112
31 0.009716 2.815290 1.387045 0.990284 0.510963 0.042593
32 0.009716 2.815290 1.387045 0.990284 0.516882 0.063415
33 0.009716 2.815290 1.387045 0.990284 0.514377 0.043027
34 0.009716 2.815290 1.387045 0.990284 0.525284 0.021969
35 0.009716 2.815290 1.387045 0.990284 0.500888 0.011682
36 0.009716 2.815290 1.387045 0.990284 0.494064 0.003105
37 0.009716 2.815290 1.387045 0.990284 0.533695 0.031126
38 0.009716 2.815290 1.387045 0.990284 0.512445 0.002464
39 0.009716 2.815290 1.387045 0.990284 0.514585 0.060563
40 0.009716 2.815290 1.387045 0.990284 0.500039 0.024143
41 0.009716 2.815290 1.387045 0.990284 0.497147 0.053539
42 0.009716 2.815290 1.387045 0.990284 0.514895 0.075746
43 0.009716 2.815290 1.387045 0.990284 0.488938 0.026264
44 0.009716 2.815290 1.387045 0.990284 0.523322 0.115207
45 0.009716 2.815290 1.387045 0.990284 0.525744 0.040182
46 0.009716 2.815290 1.387045 0.990284 0.487411 0.054804
47 0.009716 2.815290 1.387045 0.990284 0.550281 0.178691
48 0.009716 2.815290 1.387045 0.990284 0.523530 0.004150
49 0.009716 2.815290 1.387045 0.990284 0.525565 0.129104
50 0.009716 2.815290 1.387045 0.990284 0.536953 0.083792
51 0.009716 2.815290 1.387045 0.990284 0.534710 0.070487
52 0.009716 2.815290 1.387045 0.990284 0.527206 0.056481
53 0.009716 2.815290 1.387045 0.990284 0.501081 0.066122
54 0.009716 2.815290 1.387045 0.990284 0.525430 0.085376
55 0.009716 2.815290 1.387045 0.990284 0.490406 0.022110
56 0.009716 2.815290 1.387045 0.990284 0.510311 0.076662
57 0.009716 2.815290 1.387045 0.990284 0.517677 0.009649
58 0.009716 2.815290 1.387045 0.990284 0.529016 0.026247
59 0.009716 2.815290 1.387045 0.990284 0.535341 0.152035
60 0.009716 2.815290 1.387045 0.990284 0.518612 0.003184
61 0.009716 2.815290 1.387045 0.990284 0.530417 0.003802
62 0.009716 2.815290 1.387045 0.990284 0.493359 0.002864
63 0.009716 2.815290 1.387045 0.990284 0.523724 0.002671
64 0.009716 2.815290 1.387045 0.990284 0.563936 0.003819
65 0.009716 2.815290 1.387045 0.990284 0.498197 0.009643
66 0.009716 2.815290 1.387045 0.990284 0.530641 0.081317
67 0.009716 2.815290 1.387045 0.990284 0.511011 0.023358
68 0.009716 2.815290 1.387045 0.990284 0.530020 0.003879
69 0.009716 2.815290 1.387045 0.990284 0.508300 0.022334
70 0.009716 2.815290 1.387045 0.990284 0.514573 0.098494
71 0.009716 2.815290 1.387045 0.990284 0.513886 0.021774
72 0.009716 2.815290 1.387045 0.990284 0.518249 0.057960
73 0.009716 2.815290 1.387045 0.990284 0.511415 0.056485
74 0.009716 2.815290 1.387045 0.990284 0.507891 0.026977
75 0.009716 2.815290 1.387045 0.990284 0.497011 0.042264
76 0.009716 2.815290 1.387045 0.990284 0.532881 0.153676
77 0.009716 2.815290 1.387045 0.990284 0.515027 0.051907
78 0.009716 2.815290 1.387045 0.990284 0.528026 0.057764
79 0.009716 2.815290 1.387045 0.990284 0.526754 0.168030
80 0.009716 2.815290 1.387045 0.990284 0.528874 0.114999
81 0.009716 2.815290 1.387045 0.990284 0.506009 0.129312
82 0.009716 2.815290 1.387045 0.990284 0.535276 0.112478
83 0.009716 2.815290 1.387045 0.990284 0.522062 0.056735
84 0.009716 2.815290 1.387045 0.990284 0.538595 0.100726
85 0.009716 2.815290 1.387045 0.990284 0.538245 0.062970
86 0.009716 2.815290 1.387045 0.990284 0.536549 0.005538
87 0.009716 2.815290 1.387045 0.990284 0.560527 0.154788
88 0.009716 2.815290 1.387045 0.990284 0.531700 0.022187
89 0.009716 2.815290 1.387045 0.990284 0.522822 0.074138
90 0.009716 2.815290 1.387045 0.990284 0.518601 0.014478
91 0.009716 2.815290 1.387045 0.990284 0.520879 0.002664
92 0.009716 2.815290 1.387045 0.990284 0.535506 0.023313
93 0.009716 2.815290 1.387045 0.990284 0.504692 0.065989
94 0.009716 2.815290 1.387045 0.990284 0.529998 0.002534
95 0.009716 2.815290 1.387045 0.990284 0.543576 0.083754
96 0.009716 2.815290 1.387045 0.990284 0.537672 0.002878
97 0.009716 2.815290 1.387045 0.990284 0.525891 0.015321
98 0.009716 2.815290 1.387045 0.990284 0.513020 0.002733
99 0.009716 2.815290 1.387045 0.990284 0.508250 0.131265
100 0.009716 2.815290 1.387045 0.990284 0.504762 0.042495
101 0.009716 2.815290 1.387045 0.990284 0.517385 0.028251
102 0.009716 2.815290 1.387045 0.990284 0.528899 0.094036
103 0.009716 2.815290 1.387045 0.990284 0.556379 0.086063
104 0.009716 2.815290 1.387045 0.990284 0.491875 0.035819
105 0.009716 2.815290 1.387045 0.990284 0.521392 0.059562
106 0.009716 2.815290 1.387045 0.990284 0.532219 0.052569
107 0.009716 2.815290 1.387045 0.990284 0.523928 0.114252
108 0.009716 2.815290 1.387045 0.990284 0.518789 0.137996
109 0.009716 2.815290 1.387045 0.990284 0.513977 0.190218
110 0.009716 2.815290 1.387045 0.990284 0.532460 0.014114
111 0.009716 2.815290 1.387045 0.990284 0.526270 0.040101
112 0.009716 2.815290 1.387045 0.990284 0.535524 0.020525
113 0.009716 2.815290 1.387045 0.990284 0.523372 0.086858
114 0.009716 2.815290 1.387045 0.990284 0.522804 0.012326
115 0.009716 2.815290 1.387045 0.990284 0.508183 0.074258
116 0.009716 2.815290 1.387045 0.990284 0.520616 0.005316
117 0.009716 2.815290 1.387045 0.990284 0.511806 0.063804
118 0.009716 2.815290 1.387045 0.990284 0.537746 0.163503
119 0.009716 2.815290 1.387045 0.990284 0.491699 0.027758
120 0.009716 2.815290 1.387045 0.990284 0.532736 0.077946
121 0.009716 2.815290 1.387045 0.990284 0.493469 0.028650
122 0.009716 2.815290 1.387045 0.990284 0.535655 0.059353
123 0.009716 2.815290 1.387045 0.990284 0.524800 0.036322
124 0.009716 2.815290 1.387045 0.990284 0.519035 0.002474
125 0.009716 2.815290 1.387045 0.990284 0.523467 0.178869
126 0.009716 2.815290 1.387045 0.990284 0.503619 0.084697
127 0.009716 2.815290 1.387045 0.990284 0.512037 0.058276
128 0.009716 2.815290 1.387045 0.990284 0.530822 0.021578
129 0.009716 2.815290 1.387045 0.990284 0.501265 0.002578
130 0.009716 2.815290 1.387045 0.990284 0.492735 0.056678
131 0.009716 2.815290 1.387045 0.990284 0.502331 0.002807
132 0.009716 2.815290 1.387045 0.990284 0.511294 0.030935
133 0.009716 2.815290 1.387045 0.990284 0.515140 0.002590
134 0.009716 2.815290 1.387045 0.990284 0.501383 0.022361
135 0.009716 2.815290 1.387045 0.990284 0.485842 0.010920
136 0.009716 2.815290 1.387045 0.990284 0.495585 0.034746
137 0.009716 2.815290 1.387045 0.990284 0.507193 0.058958
138 0.009716 2.815290 1.387045 0.990284 0.499135 0.006879
139 0.009716 2.815290 1.387045 0.990284 0.517552 0.072012
140 0.009716 2.815290 1.387045 0.990284 0.507247 0.022439
141 0.009716 2.815290 1.387045 0.990284 0.512205 0.021606
142 0.009716 2.815290 1.387045 0.990284 0.500765 0.010599
143 0.009716 2.815290 1.387045 0.990284 0.524533 0.032891
144 0.009716 2.815290 1.387045 0.990284 0.528024 0.044204
145 0.009716 2.815290 1.387045 0.990284 0.524775 0.002460
146 0.009716 2.815290 1.387045 0.990284 0.533279 0.002457
147 0.009716 2.815290 1.387045 0.990284 0.537487 0.057329
148 0.009716 2.815290 1.387045 0.990284 0.518646 0.152667
149 0.009716 2.815290 1.387045 0.990284 0.519424 0.014242
150 0.009716 2.815290 1.387045 0.990284 0.543198 0.169962
151 0.009716 2.815290 1.387045 0.990284 0.519935 0.058694
152 0.009716 2.815290 1.387045 0.990284 0.520421 0.007226
153 0.009716 2.815290 1.387045 0.990284 0.532473 0.003883
154 0.009716 2.815290 1.387045 0.990284 0.536748 0.002490
155 0.009716 2.815290 1.387045 0.990284 0.538034 0.015748
156 0.009716 2.815290 1.387045 0.990284 0.538271 0.022969
157 0.009716 2.815290 1.387045 0.990284 0.532848 0.003750
158 0.009716 2.815290 1.387045 0.990284 0.504664 0.046075
159 0.009716 2.815290 1.387045 0.990284 0.530938 0.096071
160 0.009716 2.815290 1.387045 0.990284 0.504479 0.022862
161 0.009716 2.815290 1.387045 0.990284 0.516512 0.034834
162 0.009716 2.815290 1.387045 0.990284 0.533610 0.156237
163 0.009716 2.815290 1.387045 0.990284 0.516097 0.131028
164 0.009716 2.815290 1.387045 0.990284 0.501672 0.182946
165 0.009716 2.815290 1.387045 0.990284 0.504258 0.093779
166 0.009716 2.815290 1.387045 0.990284 0.518843 0.039233
167 0.009716 2.815290 1.387045 0.990284 0.526058 0.069986
168 0.009716 2.815290 1.387045 0.990284 0.545739 0.057796
169 0.009716 2.815290 1.387045 0.990284 0.507103 0.004211
170 0.009716 2.815290 1.387045 0.990284 0.517778 0.017943
171 0.009716 2.815290 1.387045 0.990284 0.528344 0.022075
172 0.009716 2.815290 1.387045 0.990284 0.541492 0.009214
173 0.009716 2.815290 1.387045 0.990284 0.512350 0.070077
174 0.009716 2.815290 1.387045 0.990284 0.521943 0.035607
175 0.009716 2.815290 1.387045 0.990284 0.512763 0.002517
176 0.009716 2.815290 1.387045 0.990284 0.509010 0.014749
177 0.009716 2.815290 1.387045 0.990284 0.489419 0.048066
178 0.009716 2.815290 1.387045 0.990284 0.534274 0.025317
179 0.009716 2.815290 1.387045 0.990284 0.550741 0.026412
180 0.009716 2.815290 1.387045 0.990284 0.524266 0.008394
181 0.009716 2.815290 1.387045 0.990284 0.538401 0.089031
182 0.009716 2.815290 1.387045 0.990284 0.507453 0.022409
183 0.009716 2.815290 1.387045 0.990284 0.532046 0.007867
184 0.009716 2.815290 1.387045 0.990284 0.521238 0.022672
185 0.009716 2.815290 1.387045 0.990284 0.542804 0.021680
186 0.009716 2.815290 1.387045 0.990284 0.538022 0.028846
187 0.009716 2.815290 1.387045 0.990284 0.538705 0.136346
188 0.009716 2.815290 1.387045 0.990284 0.511772 0.018995
189 0.009716 2.815290 1.387045 0.990284 0.538834 0.089559
190 0.009716 2.815290 1.387045 0.990284 0.506344 0.035446
191 0.009716 2.815290 1.387045 0.990284 0.516653 0.060179
192 0.009716 2.815290 1.387045 0.990284 0.498490 0.059891
193 0.009716 2.815290 1.387045 0.990284 0.525887 0.061320
194 0.009716 2.815290 1.387045 0.990284 0.498909 0.024629
195 0.009716 2.815290 1.387045 0.990284 0.523040 0.049950
196 0.009716 2.815290 1.387045 0.990284 0.520917 0.022089
197 0.009716 2.815290 1.387045 0.990284 0.532242 0.057408
198 0.009716 2.815290 1.387045 0.990284 0.517525 0.096196
199 0.009716 2.815290 1.387045 0.990284 0.524917 0.059974
200 0.009716 2.815290 1.387045 0.990284 0.487861 0.003534
201 0.009716 2.815290 1.387045 0.990284 0.512794 0.091330
202 0.009716 2.815290 1.387045 0.990284 0.514665 0.002480
203 0.009716 2.815290 1.387045 0.990284 0.518575 0.002506
204 0.009716 2.815290 1.387045 0.990284 0.527623 0.027195
205 0.009716 2.815290 1.387045 0.990284 0.497773 0.002923
206 0.009716 2.815290 1.387045 0.990284 0.492673 0.007629
207 0.009716 2.815290 1.387045 0.990284 0.502752 0.018570
208 0.009716 2.815290 1.387045 0.990284 0.509127 0.031713
209 0.009716 2.815290 1.387045 0.990284 0.504558 0.036126
210 0.009716 2.815290 1.387045 0.990284 0.504133 0.003006
211 0.009716 2.815290 1.387045 0.990284 0.535480 0.021528
212 0.009716 2.815290 1.387045 0.990284 0.498248 0.061537
213 0.009716 2.815290 1.387045 0.990284 0.491304 0.094174
214 0.009716 2.815290 1.387045 0.990284 0.494081 0.105370
215 0.009716 2.815290 1.387045 0.990284 0.527472 0.023369
216 0.009716 2.815290 1.387045 0.990284 0.499965 0.062032
217 0.009716 2.815290 1.387045 0.990284 0.522995 0.089733
218 0.009716 2.815290 1.387045 0.990284 0.560844 0.132214
219 0.009716 2.815290 1.387045 0.990284 0.488109 0.056397
220 0.009716 2.815290 1.387045 0.990284 0.509875 0.078732
221 0.009716 2.815290 1.387045 0.990284 0.525065 0.049991
222 0.009716 2.815290 1.387045 0.990284 0.552340 0.224011
223 0.009716 2.815290 1.387045 0.990284 0.528384 0.187892
224 0.009716 2.815290 1.387045 0.990284 0.509657 0.077652
225 0.009716 2.815290 1.387045 0.990284 0.505795 0.056913
226 0.009716 2.815290 1.387045 0.990284 0.529113 0.077375
227 0.009716 2.815290 1.387045 0.990284 0.525684 0.094263
228 0.009716 2.815290 1.387045 0.990284 0.509379 0.104473
229 0.009716 2.815290 1.387045 0.990284 0.514204 0.063246
230 0.009716 2.815290 1.387045 0.990284 0.505058 0.141702
231 0.009716 2.815290 1.387045 0.990284 0.505736 0.030790
232 0.009716 2.815290 1.387045 0.990284 0.489617 0.025721
233 0.009716 2.815290 1.387045 0.990284 0.523317 0.068380
234 0.009716 2.815290 1.387045 0.990284 0.523753 0.045177
235 0.009716 2.815290 1.387045 0.990284 0.505728 0.056621
236 0.009716 2.815290 1.387045 0.990284 0.449557 0.045884
237 0.009716 2.815290 1.387045 0.990284 0.503625 0.039279
238 0.009716 2.815290 1.387045 0.990284 0.514274 0.002765
239 0.009716 2.815290 1.387045 0.990284 0.512768 0.060220
240 0.009716 2.815290 1.387045 0.990284 0.537187 0.061126
241 0.009716 2.815290 1.387045 0.990284 0.535157 0.132686
242 0.009716 2.815290 1.387045 0.990284 0.492327 0.017824
243 0.009716 2.815290 1.387045 0.990284 0.532257 0.038676
244 0.009716 2.815290 1.387045 0.990284 0.501752 0.021776
245 0.009716 2.815290 1.387045 0.990284 0.509885 0.032899
246 0.009716 2.815290 1.387045 0.990284 0.499386 0.051364
247 0.009716 2.815290 1.387045 0.990284 0.504816 0.023601
248 0.009716 2.815290 1.387045 0.990284 0.518215 0.022707
249 0.009716 2.815290 1.387045 0.990284 0.513465 0.026796
250 0.009716 2.815290 1.387045 0.990284 0.514882 0.021495
251 0.009716 2.815290 1.387045 0.990284 0.483857 0.057995
252 0.009716 2.815290 1.387045 0.990284 0.496361 0.161376
253 0.009716 2.815290 1.387045 0.990284 0.477589 0.102095
254 0.009716 2.815290 1.387045 0.990284 0.510623 0.021701
255 0.009716 2.815290 1.387045 0.990284 0.484274 0.040832
256 0.009716 2.815290 1.387045 0.990284 0.509997 0.034142
257 0.009716 2.815290 1.387045 0.990284 0.513459 0.024078
258 0.009716 2.815290 1.387045 0.990284 0.506414 0.029234
259 0.009716 2.815290 1.387045 0.990284 0.549271 0.025020
260 0.009716 2.815290 1.387045 0.990284 0.541759 0.153163
261 0.009716 2.815290 1.387045 0.990284 0.484343 0.002461
262 0.009716 2.815290 1.387045 0.990284 0.511141 0.015811
263 0.009716 2.815290 1.387045 0.990284 0.496742 0.057981
264 0.009716 2.815290 1.387045 0.990284 0.485491 0.022072
265 0.009716 2.815290 1.387045 0.990284 0.526742 0.030958
266 0.009716 2.815290 1.387045 0.990284 0.535618 0.033146
267 0.009716 2.815290 1.387045 0.990284 0.468942 0.019165
268 0.009716 2.815290 1.387045 0.990284 0.511990 0.006823
269 0.009716 2.815290 1.387045 0.990284 0.493675 0.003478
270 0.009716 2.815290 1.387045 0.990284 0.518162 0.024845
271 0.009716 2.815290 1.387045 0.990284 0.499022 0.064856
272 0.009716 2.815290 1.387045 0.990284 0.510584 0.056435
273 0.009716 2.815290 1.387045 0.990284 0.514326 0.093072
274 0.009716 2.815290 1.387045 0.990284 0.525909 0.056818
275 0.009716 2.815290 1.387045 0.990284 0.533553 0.008228
276 0.009716 2.815290 1.387045 0.990284 0.495110 0.014637
277 0.009716 2.815290 1.387045 0.990284 0.506088 0.056399
278 0.009716 2.815290 1.387045 0.990284 0.526591 0.133235
279 0.009716 2.815290 1.387045 0.990284 0.491722 0.016175
280 0.009716 2.815290 1.387045 0.990284 0.497183 0.002931
281 0.009716 2.815290 1.387045 0.990284 0.508990 0.057945
282 0.009716 2.815290 1.387045 0.990284 0.518990 0.100077
283 0.009716 2.815290 1.387045 0.990284 0.515226 0.064910
284 0.009716 2.815290 1.387045 0.990284 0.538223 0.102624
285 0.009716 2.815290 1.387045 0.990284 0.504082 0.115400
286 0.009716 2.815290 1.387045 0.990284 0.533103 0.057924
287 0.009716 2.815290 1.387045 0.990284 0.508273 0.026004
288 0.009716 2.815290 1.387045 0.990284 0.513756 0.033677
289 0.009716 2.815290 1.387045 0.990284 0.475286 0.005763
290 0.009716 2.815290 1.387045 0.990284 0.497414 0.009828
291 0.009716 2.815290 1.387045 0.990284 0.521147 0.056578
292 0.009716 2.815290 1.387045 0.990284 0.541381 0.134449
293 0.009716 2.815290 1.387045 0.990284 0.505913 0.021665
294 0.009716 2.815290 1.387045 0.990284 0.509954 0.057444
295 0.009716 2.815290 1.387045 0.990284 0.505556 0.022111
296 0.009716 2.815290 1.387045 0.990284 0.520203 0.012591
297 0.009716 2.815290 1.387045 0.990284 0.487482 0.035439
298 0.009716 2.815290 1.387045 0.990284 0.512937 0.003295
299 0.009716 2.815290 1.387045 0.990284 0.519333 0.021514
300 0.009716 2.815290 1.387045 0.990284 0.500596 0.009951
301 0.009716 2.815290 1.387045 0.990284 0.511888 0.023682
302 0.009716 2.815290 1.387045 0.990284 0.542283 0.023098
303 0.009716 2.815290 1.387045 0.990284 0.496253 0.032571
304 0.009716 2.815290 1.387045 0.990284 0.497371 0.003401
305 0.009716 2.815290 1.387045 0.990284 0.506030 0.019984
306 0.000583 0.007630 0.022889 0.999417 0.548094 0.019745
307 0.000583 0.007630 0.022889 0.999417 0.550612 0.008281
308 0.000583 0.007630 0.022889 0.999417 0.523851 0.013101
309 0.000583 0.007630 0.022889 0.999417 0.523062 0.056816
310 0.000583 0.007630 0.022889 0.999417 0.503880 0.014825
311 0.000583 0.007630 0.022889 0.999417 0.487396 0.034238
312 0.000583 0.007630 0.022889 0.999417 0.497502 0.056572
313 0.000583 0.007630 0.022889 0.999417 0.491663 0.003558
314 0.000583 0.007630 0.022889 0.999417 0.490363 0.005193
315 0.000583 0.007630 0.022889 0.999417 0.516308 0.002982
316 0.000583 0.007630 0.022889 0.999417 0.525433 0.063889
317 0.000583 0.007630 0.022889 0.999417 0.514659 0.077180
318 0.000583 0.007630 0.022889 0.999417 0.523936 0.101032
319 0.000583 0.007630 0.022889 0.999417 0.573733 0.153146
320 0.000583 0.007630 0.022889 0.999417 0.497131 0.013311
321 0.000583 0.007630 0.022889 0.999417 0.519492 0.021564
322 0.000583 0.007630 0.022889 0.999417 0.516330 0.008792
323 0.000583 0.007630 0.022889 0.999417 0.514366 0.023968
324 0.000583 0.007630 0.022889 0.999417 0.483815 0.021658
325 0.000583 0.007630 0.022889 0.999417 0.529395 0.056619
326 0.000583 0.007630 0.022889 0.999417 0.512402 0.037446
327 0.000583 0.007630 0.022889 0.999417 0.505384 0.127970
328 0.000583 0.007630 0.022889 0.999417 0.538465 0.049991
329 0.000583 0.007630 0.022889 0.999417 0.525009 0.149846
330 0.000583 0.007630 0.022889 0.999417 0.510592 0.067648
331 0.000583 0.007630 0.022889 0.999417 0.525876 0.025594
332 0.000583 0.007630 0.022889 0.999417 0.483685 0.029770
333 0.000583 0.007630 0.022889 0.999417 0.512203 0.103321
334 0.000583 0.007630 0.022889 0.999417 0.518117 0.013361
335 0.000583 0.007630 0.022889 0.999417 0.510273 0.031401
336 0.000583 0.007630 0.022889 0.999417 0.539114 0.070252
337 0.000583 0.007630 0.022889 0.999417 0.529682 0.021683
338 0.000583 0.007630 0.022889 0.999417 0.526676 0.052458
339 0.000583 0.007630 0.022889 0.999417 0.510031 0.019930
340 0.000583 0.007630 0.022889 0.999417 0.526892 0.057525
341 0.000583 0.007630 0.022889 0.999417 0.492194 0.083655
342 0.000583 0.007630 0.022889 0.999417 0.492591 0.031500
343 0.000583 0.007630 0.022889 0.999417 0.506814 0.065058
344 0.000583 0.007630 0.022889 0.999417 0.529767 0.020347
345 0.000583 0.007630 0.022889 0.999417 0.510228 0.009778
346 0.000583 0.007630 0.022889 0.999417 0.507603 0.030524
347 0.000583 0.007630 0.022889 0.999417 0.485236 0.027324
348 0.000583 0.007630 0.022889 0.999417 0.520524 0.020066
349 0.000583 0.007630 0.022889 0.999417 0.495200 0.044756
350 0.000583 0.007630 0.022889 0.999417 0.535868 0.153344
351 0.000583 0.007630 0.022889 0.999417 0.509127 0.124988
352 0.000583 0.007630 0.022889 0.999417 0.514255 0.136649
353 0.000583 0.007630 0.022889 0.999417 0.515705 0.026570
354 0.000583 0.007630 0.022889 0.999417 0.533153 0.210379
355 0.000583 0.007630 0.022889 0.999417 0.520190 0.118270
356 0.000583 0.007630 0.022889 0.999417 0.497914 0.004852
357 0.000583 0.007630 0.022889 0.999417 0.555956 0.059628
358 0.000583 0.007630 0.022889 0.999417 0.542066 0.178228
359 0.000583 0.007630 0.022889 0.999417 0.523852 0.039302
360 0.000583 0.007630 0.022889 0.999417 0.520946 0.056956
361 0.000583 0.007630 0.022889 0.999417 0.503452 0.002456
362 0.000583 0.007630 0.022889 0.999417 0.526621 0.146316
363 0.000583 0.007630 0.022889 0.999417 0.520554 0.073069
364 0.000583 0.007630 0.022889 0.999417 0.524836 0.074732
365 0.000583 0.007630 0.022889 0.999417 0.522795 0.152948
366 0.000583 0.007630 0.022889 0.999417 0.514822 0.023952
367 0.000583 0.007630 0.022889 0.999417 0.511012 0.040926
368 0.000583 0.007630 0.022889 0.999417 0.540152 0.102158
369 0.000583 0.007630 0.022889 0.999417 0.506041 0.067587
370 0.000583 0.007630 0.022889 0.999417 0.469894 0.068419
371 0.000583 0.007630 0.022889 0.999417 0.516219 0.062948
372 0.000583 0.007630 0.022889 0.999417 0.493108 0.010619
373 0.000583 0.007630 0.022889 0.999417 0.507717 0.014289
374 0.000583 0.007630 0.022889 0.999417 0.490479 0.008533
375 0.000583 0.007630 0.022889 0.999417 0.532956 0.049447
376 0.000583 0.007630 0.022889 0.999417 0.507422 0.116938
377 0.000583 0.007630 0.022889 0.999417 0.514522 0.032504
378 0.000583 0.007630 0.022889 0.999417 0.522508 0.065725
379 0.000583 0.007630 0.022889 0.999417 0.505281 0.006104
380 0.000583 0.007630 0.022889 0.999417 0.513221 0.014056
381 0.000583 0.007630 0.022889 0.999417 0.477163 0.023816
382 0.000583 0.007630 0.022889 0.999417 0.518291 0.157164
383 0.000583 0.007630 0.022889 0.999417 0.501155 0.021590
384 0.000583 0.007630 0.022889 0.999417 0.511484 0.086598
385 0.000583 0.007630 0.022889 0.999417 0.489529 0.043048
386 0.000583 0.007630 0.022889 0.999417 0.519749 0.140198
387 0.000583 0.007630 0.022889 0.999417 0.527780 0.061181
388 0.000583 0.007630 0.022889 0.999417 0.506369 0.024537
389 0.000583 0.007630 0.022889 0.999417 0.534386 0.084976
390 0.000583 0.007630 0.022889 0.999417 0.495098 0.005229
391 0.000583 0.007630 0.022889 0.999417 0.531391 0.099525
392 0.000583 0.007630 0.022889 0.999417 0.529323 0.058079
393 0.000583 0.007630 0.022889 0.999417 0.502146 0.009370
394 0.000583 0.007630 0.022889 0.999417 0.516195 0.035425
395 0.000583 0.007630 0.022889 0.999417 0.512374 0.145439
396 0.000583 0.007630 0.022889 0.999417 0.510454 0.021880
397 0.000583 0.007630 0.022889 0.999417 0.553456 0.122577
398 0.000583 0.007630 0.022889 0.999417 0.498541 0.059144
399 0.000583 0.007630 0.022889 0.999417 0.556456 0.090314
400 0.000583 0.007630 0.022889 0.999417 0.548136 0.116840
401 0.000583 0.007630 0.022889 0.999417 0.561439 0.109169
402 0.000583 0.007630 0.022889 0.999417 0.495227 0.056365
403 0.000583 0.007630 0.022889 0.999417 0.508826 0.048149
404 0.000583 0.007630 0.022889 0.999417 0.546867 0.008859
405 0.000583 0.007630 0.022889 0.999417 0.509781 0.057029
406 0.000583 0.007630 0.022889 0.999417 0.524247 0.002621
407 0.000583 0.007630 0.022889 0.999417 0.540446 0.058518
408 0.000583 0.007630 0.022889 0.999417 0.515584 0.011441
409 0.000583 0.007630 0.022889 0.999417 0.524947 0.130764
410 0.000583 0.007630 0.022889 0.999417 0.553880 0.052945
411 0.000583 0.007630 0.022889 0.999417 0.510363 0.023451
412 0.000583 0.007630 0.022889 0.999417 0.514762 0.093201
413 0.000583 0.007630 0.022889 0.999417 0.518701 0.067979
414 0.000583 0.007630 0.022889 0.999417 0.514570 0.118265
415 0.000583 0.007630 0.022889 0.999417 0.551642 0.032119
416 0.000583 0.007630 0.022889 0.999417 0.533100 0.025256
417 0.000583 0.007630 0.022889 0.999417 0.484237 0.022482
418 0.000583 0.007630 0.022889 0.999417 0.516147 0.056546
419 0.000583 0.007630 0.022889 0.999417 0.540884 0.124709
420 0.000583 0.007630 0.022889 0.999417 0.537124 0.005537
421 0.000583 0.007630 0.022889 0.999417 0.539155 0.103322
422 0.000583 0.007630 0.022889 0.999417 0.511512 0.022508
423 0.000583 0.007630 0.022889 0.999417 0.518240 0.002799
424 0.000583 0.007630 0.022889 0.999417 0.541004 0.035001
425 0.000583 0.007630 0.022889 0.999417 0.525784 0.159234
426 0.000583 0.007630 0.022889 0.999417 0.517897 0.057506
427 0.000583 0.007630 0.022889 0.999417 0.501940 0.033976
428 0.000583 0.007630 0.022889 0.999417 0.525790 0.075850
429 0.000583 0.007630 0.022889 0.999417 0.526762 0.056509
430 0.000583 0.007630 0.022889 0.999417 0.511181 0.085168
431 0.000583 0.007630 0.022889 0.999417 0.546866 0.095209
432 0.000583 0.007630 0.022889 0.999417 0.545748 0.229074
433 0.000583 0.007630 0.022889 0.999417 0.531115 0.105305
434 0.000583 0.007630 0.022889 0.999417 0.498506 0.032234
435 0.000583 0.007630 0.022889 0.999417 0.514162 0.148941
436 0.000583 0.007630 0.022889 0.999417 0.490262 0.056870
437 0.000583 0.007630 0.022889 0.999417 0.513049 0.057620
438 0.000583 0.007630 0.022889 0.999417 0.502373 0.103257
439 0.000583 0.007630 0.022889 0.999417 0.481395 0.007618
440 0.000583 0.007630 0.022889 0.999417 0.522696 0.002517
441 0.000583 0.007630 0.022889 0.999417 0.517431 0.023671
442 0.000583 0.007630 0.022889 0.999417 0.553873 0.161389
443 0.000583 0.007630 0.022889 0.999417 0.519671 0.066701
444 0.000583 0.007630 0.022889 0.999417 0.520824 0.094809
445 0.000583 0.007630 0.022889 0.999417 0.539808 0.093434
446 0.000583 0.007630 0.022889 0.999417 0.501650 0.002456
447 0.000583 0.007630 0.022889 0.999417 0.509695 0.121364
448 0.000583 0.007630 0.022889 0.999417 0.511702 0.071069
449 0.000583 0.007630 0.022889 0.999417 0.482158 0.023869
450 0.000583 0.007630 0.022889 0.999417 0.510231 0.047239
451 0.000583 0.007630 0.022889 0.999417 0.501913 0.061038
452 0.000583 0.007630 0.022889 0.999417 0.496662 0.041742
453 0.000583 0.007630 0.022889 0.999417 0.525881 0.021469
454 0.000583 0.007630 0.022889 0.999417 0.502803 0.059401
455 0.000583 0.007630 0.022889 0.999417 0.532670 0.069104
456 0.000583 0.007630 0.022889 0.999417 0.496086 0.009170
457 0.000583 0.007630 0.022889 0.999417 0.508772 0.072624
458 0.000583 0.007630 0.022889 0.999417 0.552103 0.002551
459 0.000583 0.007630 0.022889 0.999417 0.550996 0.022666
460 0.000583 0.007630 0.022889 0.999417 0.566850 0.173144
461 0.000583 0.007630 0.022889 0.999417 0.518414 0.150952
462 0.000583 0.007630 0.022889 0.999417 0.555898 0.045111
463 0.000583 0.007630 0.022889 0.999417 0.539276 0.107842
464 0.000583 0.007630 0.022889 0.999417 0.543065 0.009382
465 0.000583 0.007630 0.022889 0.999417 0.532218 0.057198
466 0.000583 0.007630 0.022889 0.999417 0.526673 0.022850
467 0.000583 0.007630 0.022889 0.999417 0.529672 0.003016
468 0.000583 0.007630 0.022889 0.999417 0.531801 0.170377
469 0.000583 0.007630 0.022889 0.999417 0.493463 0.029822
470 0.000583 0.007630 0.022889 0.999417 0.511893 0.099971
471 0.000583 0.007630 0.022889 0.999417 0.507088 0.024493
472 0.000583 0.007630 0.022889 0.999417 0.513067 0.029873
473 0.000583 0.007630 0.022889 0.999417 0.525306 0.048733
474 0.000583 0.007630 0.022889 0.999417 0.498073 0.002855
475 0.000583 0.007630 0.022889 0.999417 0.505529 0.002472
476 0.000583 0.007630 0.022889 0.999417 0.512592 0.003848
477 0.000583 0.007630 0.022889 0.999417 0.504758 0.049247
478 0.000583 0.007630 0.022889 0.999417 0.520679 0.006817
479 0.000583 0.007630 0.022889 0.999417 0.519028 0.021680
480 0.000583 0.007630 0.022889 0.999417 0.491357 0.090551
481 0.000583 0.007630 0.022889 0.999417 0.526371 0.031335
482 0.000583 0.007630 0.022889 0.999417 0.525259 0.110050
483 0.000583 0.007630 0.022889 0.999417 0.497656 0.045148
484 0.000583 0.007630 0.022889 0.999417 0.498501 0.066306
485 0.000583 0.007630 0.022889 0.999417 0.511246 0.036579
486 0.000583 0.007630 0.022889 0.999417 0.554605 0.019739
487 0.000583 0.007630 0.022889 0.999417 0.512864 0.003113
488 0.000583 0.007630 0.022889 0.999417 0.519895 0.068160
489 0.000583 0.007630 0.022889 0.999417 0.538019 0.004282
490 0.000583 0.007630 0.022889 0.999417 0.500086 0.002628
491 0.000583 0.007630 0.022889 0.999417 0.492862 0.022628
492 0.000583 0.007630 0.022889 0.999417 0.507274 0.022079
493 0.000583 0.007630 0.022889 0.999417 0.524921 0.057258
494 0.000583 0.007630 0.022889 0.999417 0.497289 0.005460
495 0.000583 0.007630 0.022889 0.999417 0.498684 0.019310
496 0.000583 0.007630 0.022889 0.999417 0.514596 0.002457
497 0.000583 0.007630 0.022889 0.999417 0.467275 0.038164
498 0.000583 0.007630 0.022889 0.999417 0.492813 0.060263
499 0.000583 0.007630 0.022889 0.999417 0.487780 0.028377
