Lp  F6        x1       x2        Ocena     Średni    Najgorszy
0 0.009735 -0.541695 3.086900 0.990265 0.503277 0.073581
1 0.009721 -0.553902 3.086900 0.990279 0.516147 0.021485
2 0.009721 -0.553902 3.086900 0.990279 0.540163 0.030020
3 0.009721 -0.553902 3.086900 0.990279 0.538306 0.005887
4 0.009721 -0.553902 3.086900 0.990279 0.499027 0.022472
5 0.009721 -0.553902 3.086900 0.990279 0.537120 0.048700
6 0.009721 -0.553902 3.086900 0.990279 0.499000 0.068892
7 0.009721 -0.553902 3.086900 0.990279 0.530473 0.002749
8 0.009721 -0.553902 3.086900 0.990279 0.520482 0.055741
9 0.009721 -0.553902 3.086900 0.990279 0.504920 0.039143
10 0.009721 -0.553902 3.086900 0.990279 0.499198 0.027581
11 0.009721 -0.553902 3.086900 0.990279 0.511485 0.028039
12 0.009721 -0.553902 3.086900 0.990279 0.510441 0.024866
13 0.009721 -0.553902 3.086900 0.990279 0.503429 0.029577
14 0.009721 -0.553902 3.086900 0.990279 0.521170 0.007127
15 0.009721 -0.553902 3.086900 0.990279 0.520311 0.022594
16 0.009721 -0.553902 3.086900 0.990279 0.496565 0.181222
17 0.009721 -0.553902 3.086900 0.990279 0.521246 0.168193
18 0.009721 -0.553902 3.086900 0.990279 0.527394 0.227745
19 0.009721 -0.553902 3.086900 0.990279 0.516137 0.056167
20 0.009721 -0.553902 3.086900 0.990279 0.484900 0.021515
21 0.009721 -0.553902 3.086900 0.990279 0.492167 0.002596
22 0.009721 -0.553902 3.086900 0.990279 0.513119 0.037937
23 0.009721 -0.553902 3.086900 0.990279 0.519947 0.019899
24 0.009721 -0.553902 3.086900 0.990279 0.517197 0.019774
25 0.009721 -0.553902 3.086900 0.990279 0.528211 0.056379
26 0.009721 -0.553902 3.086900 0.990279 0.495894 0.004198
27 0.009721 -0.553902 3.086900 0.990279 0.499013 0.032218
28 0.009721 -0.553902 3.086900 0.990279 0.519914 0.043791
29 0.009721 -0.553902 3.086900 0.990279 0.517986 0.073904
30 0.009721 -0.553902 3.086900 0.990279 0.518521 0.022073
31 0.009721 -0.553902 3.086900 0.990279 0.508545 0.009391
32 0.009721 -0.553902 3.086900 0.990279 0.511634 0.104327
33 0.009721 -0.553902 3.086900 0.990279 0.516896 0.110685
34 0.009721 -0.553902 3.086900 0.990279 0.541424 0.023886
35 0.009721 -0.553902 3.086900 0.990279 0.522995 0.006938
36 0.009721 -0.553902 3.086900 0.990279 0.486035 0.002638
37 0.009721 -0.553902 3.086900 0.990279 0.525131 0.082681
38 0.009721 -0.553902 3.086900 0.990279 0.514516 0.007224
39 0.009721 -0.553902 3.086900 0.990279 0.510977 0.011709
40 0.009721 -0.553902 3.086900 0.990279 0.543615 0.317601
41 0.009721 -0.553902 3.086900 0.990279 0.489573 0.002463
42 0.009721 -0.553902 3.086900 0.990279 0.497004 0.006357
43 0.009721 -0.553902 3.086900 0.990279 0.537604 0.064999
44 0.009721 -0.553902 3.086900 0.990279 0.515569 0.115732
45 0.009721 -0.553902 3.086900 0.990279 0.508518 0.162182
46 0.009721 -0.553902 3.086900 0.990279 0.523734 0.022231
47 0.009721 -0.553902 3.086900 0.990279 0.523680 0.064242
48 0.009721 -0.553902 3.086900 0.990279 0.510976 0.119995
49 0.009721 -0.553902 3.086900 0.990279 0.493029 0.108885
50 0.009721 -0.553902 3.086900 0.990279 0.504018 0.077552
51 0.009721 -0.553902 3.086900 0.990279 0.499427 0.055403
52 0.009721 -0.553902 3.086900 0.990279 0.507857 0.009597
53 0.009721 -0.553902 3.086900 0.990279 0.522533 0.003839
54 0.009721 -0.553902 3.086900 0.990279 0.538389 0.203447
55 0.009721 -0.553902 3.086900 0.990279 0.496651 0.051601
56 0.009721 -0.553902 3.086900 0.990279 0.512157 0.063651
57 0.009721 -0.553902 3.086900 0.990279 0.512217 0.057820
58 0.009721 -0.553902 3.086900 0.990279 0.544938 0.058537
59 0.009721 -0.553902 3.086900 0.990279 0.526655 0.007314
60 0.009721 -0.553902 3.086900 0.990279 0.524972 0.003107
61 0.009721 -0.553902 3.086900 0.990279 0.484489 0.002708
62 0.009721 -0.553902 3.086900 0.990279 0.506632 0.058483
63 0.009721 -0.553902 3.086900 0.990279 0.508060 0.023088
64 0.009721 -0.553902 3.086900 0.990279 0.539377 0.006921
65 0.009721 -0.553902 3.086900 0.990279 0.547651 0.066110
66 0.009721 -0.553902 3.086900 0.990279 0.517204 0.062834
67 0.009721 -0.553902 3.086900 0.990279 0.543520 0.217049
68 0.009721 -0.553902 3.086900 0.990279 0.537520 0.074231
69 0.009721 -0.553902 3.086900 0.990279 0.502730 0.023541
70 0.009721 -0.553902 3.086900 0.990279 0.520016 0.055186
71 0.009721 -0.553902 3.086900 0.990279 0.539327 0.205663
72 0.009721 -0.553902 3.086900 0.990279 0.528560 0.098456
73 0.009721 -0.553902 3.086900 0.990279 0.503360 0.044679
74 0.009721 -0.553902 3.086900 0.990279 0.503856 0.052520
75 0.009721 -0.553902 3.086900 0.990279 0.522247 0.022647
76 0.009721 -0.553902 3.086900 0.990279 0.512750 0.007216
77 0.009721 -0.553902 3.086900 0.990279 0.514258 0.131770
78 0.009721 -0.553902 3.086900 0.990279 0.519381 0.067307
79 0.009721 -0.553902 3.086900 0.990279 0.520989 0.021706
80 0.009721 -0.553902 3.086900 0.990279 0.522564 0.080043
81 0.009721 -0.553902 3.086900 0.990279 0.519694 0.062069
82 0.009721 -0.553902 3.086900 0.990279 0.508011 0.057240
83 0.009721 -0.553902 3.086900 0.990279 0.506761 0.010766
84 0.009721 -0.553902 3.086900 0.990279 0.521917 0.014072
85 0.009721 -0.553902 3.086900 0.990279 0.521461 0.021880
86 0.009721 -2.995346 0.944533 0.990279 0.524121 0.022192
87 0.009721 -2.995346 0.944533 0.990279 0.521596 0.002928
88 0.009721 -2.995346 0.944533 0.990279 0.511823 0.071101
89 0.009721 -2.995346 0.944533 0.990279 0.483800 0.056516
90 0.009721 -2.995346 0.944533 0.990279 0.487060 0.003751
91 0.009721 -2.995346 0.944533 0.990279 0.517910 0.004764
92 0.009721 -2.995346 0.944533 0.990279 0.500298 0.002467
93 0.009721 -2.995346 0.944533 0.990279 0.507951 0.044835
94 0.009721 -2.995346 0.944533 0.990279 0.501105 0.011697
95 0.009721 -2.995346 0.944533 0.990279 0.518594 0.152650
96 0.009721 -2.995346 0.944533 0.990279 0.524541 0.089039
97 0.009721 -2.995346 0.944533 0.990279 0.546207 0.016932
98 0.009721 -2.995346 0.944533 0.990279 0.518839 0.029253
99 0.009721 -2.995346 0.944533 0.990279 0.500599 0.039101
100 0.009721 -2.995346 0.944533 0.990279 0.496150 0.008095
101 0.009716 -3.065537 0.675975 0.990284 0.570837 0.187217
102 0.009716 -3.065537 0.675975 0.990284 0.489125 0.008432
103 0.009716 -3.065537 0.675975 0.990284 0.536351 0.101971
104 0.009716 -3.065537 0.675975 0.990284 0.522461 0.021618
105 0.009716 -3.065537 0.675975 0.990284 0.532549 0.102051
106 0.009716 -3.065537 0.675975 0.990284 0.513423 0.074169
107 0.009716 -3.065537 0.675975 0.990284 0.502985 0.003289
108 0.009716 -3.065537 0.675975 0.990284 0.533655 0.010122
109 0.009716 -3.065537 0.675975 0.990284 0.519664 0.029762
110 0.009716 -3.065537 0.675975 0.990284 0.513326 0.002724
111 0.009716 -3.065537 0.675975 0.990284 0.505380 0.021785
112 0.009716 -3.065537 0.675975 0.990284 0.496674 0.058669
113 0.009716 -3.065537 0.675975 0.990284 0.500556 0.013189
114 0.009716 -3.065537 0.675975 0.990284 0.514839 0.022457
115 0.009716 -3.065537 0.675975 0.990284 0.508840 0.002660
116 0.009716 -3.065537 0.675975 0.990284 0.552322 0.031649
117 0.009716 -3.065537 0.675975 0.990284 0.489263 0.005396
118 0.009716 -3.065537 0.675975 0.990284 0.518757 0.067483
119 0.009716 -3.065537 0.675975 0.990284 0.495903 0.007877
120 0.009716 -3.065537 0.675975 0.990284 0.535449 0.004501
121 0.009716 -3.065537 0.675975 0.990284 0.535850 0.002460
122 0.009716 -3.065537 0.675975 0.990284 0.530065 0.022501
123 0.009716 -3.065537 0.675975 0.990284 0.512853 0.002467
124 0.009716 -3.065537 0.675975 0.990284 0.520404 0.203458
125 0.009716 -3.065537 0.675975 0.990284 0.517594 0.045093
126 0.009716 -3.065537 0.675975 0.990284 0.538197 0.152901
127 0.009716 -3.065537 0.675975 0.990284 0.516626 0.056548
128 0.009716 -3.065537 0.675975 0.990284 0.502327 0.002487
129 0.009716 -3.065537 0.675975 0.990284 0.542273 0.002722
130 0.009716 -3.065537 0.675975 0.990284 0.508591 0.056665
131 0.009716 -3.065537 0.675975 0.990284 0.510731 0.020187
132 0.009716 -3.065537 0.675975 0.990284 0.508044 0.066367
133 0.009716 -3.065537 0.675975 0.990284 0.529491 0.197295
134 0.009716 -3.065537 0.675975 0.990284 0.527058 0.043063
135 0.009716 -3.065537 0.675975 0.990284 0.507406 0.025955
136 0.009716 -3.065537 0.675975 0.990284 0.522433 0.118695
137 0.009716 -3.065537 0.675975 0.990284 0.518863 0.152821
138 0.009716 -3.065537 0.675975 0.990284 0.494709 0.021469
139 0.009716 -3.065537 0.675975 0.990284 0.508920 0.004743
140 0.009716 -3.065537 0.675975 0.990284 0.510087 0.058759
141 0.009716 -3.065537 0.675975 0.990284 0.563485 0.013441
142 0.009716 -3.065537 0.675975 0.990284 0.561042 0.222031
143 0.009716 -3.065537 0.675975 0.990284 0.496132 0.002889
144 0.009716 -3.065537 0.675975 0.990284 0.515127 0.034294
145 0.009716 -3.065537 0.675975 0.990284 0.523566 0.029051
146 0.009716 -3.065537 0.675975 0.990284 0.531985 0.021544
147 0.009716 -3.065537 0.675975 0.990284 0.503428 0.024531
148 0.009716 -3.065537 0.675975 0.990284 0.487216 0.053452
149 0.009716 -3.065537 0.675975 0.990284 0.535447 0.073158
150 0.009716 -3.065537 0.675975 0.990284 0.504217 0.007497
151 0.009716 -3.065537 0.675975 0.990284 0.495436 0.003979
152 0.009716 -3.065537 0.675975 0.990284 0.507095 0.021866
153 0.009716 -3.065537 0.675975 0.990284 0.502661 0.073142
154 0.009716 -3.065537 0.675975 0.990284 0.512084 0.055971
155 0.009716 -3.065537 0.675975 0.990284 0.536330 0.061615
156 0.009716 -3.065537 0.675975 0.990284 0.491431 0.073832
157 0.009716 -3.065537 0.675975 0.990284 0.525347 0.126122
158 0.009716 -3.065537 0.675975 0.990284 0.522432 0.061164
159 0.009716 -3.065537 0.675975 0.990284 0.527013 0.160419
160 0.009716 -3.065537 0.675975 0.990284 0.520300 0.108189
161 0.009716 -3.065537 0.675975 0.990284 0.518273 0.011815
162 0.009716 -3.065537 0.675975 0.990284 0.507071 0.039729
163 0.009716 -3.065537 0.675975 0.990284 0.521598 0.160246
164 0.009716 -3.065537 0.675975 0.990284 0.505979 0.083534
165 0.009716 -3.065537 0.675975 0.990284 0.526958 0.022091
166 0.009716 -3.065537 0.675975 0.990284 0.522519 0.140188
167 0.009716 -3.065537 0.675975 0.990284 0.519075 0.023244
168 0.009716 -3.065537 0.675975 0.990284 0.538573 0.159539
169 0.009716 -3.065537 0.675975 0.990284 0.529341 0.207089
170 0.009716 -3.065537 0.675975 0.990284 0.523456 0.149200
171 0.009716 -3.065537 0.675975 0.990284 0.537590 0.108196
172 0.009716 -3.065537 0.675975 0.990284 0.516354 0.059122
173 0.009716 -3.065537 0.675975 0.990284 0.529355 0.021716
174 0.009716 -3.065537 0.675975 0.990284 0.505382 0.003968
175 0.009716 -3.065537 0.675975 0.990284 0.521535 0.064341
176 0.009716 -3.065537 0.675975 0.990284 0.508086 0.003350
177 0.009716 -3.065537 0.675975 0.990284 0.491448 0.005499
178 0.009716 -3.065537 0.675975 0.990284 0.496051 0.002744
179 0.009716 -3.065537 0.675975 0.990284 0.545067 0.031516
180 0.009716 -3.065537 0.675975 0.990284 0.531590 0.009454
181 0.009716 -3.065537 0.675975 0.990284 0.476756 0.005930
182 0.009716 -3.065537 0.675975 0.990284 0.507722 0.021871
183 0.009716 -3.065537 0.675975 0.990284 0.533663 0.176601
184 0.009716 -3.065537 0.675975 0.990284 0.545100 0.005860
185 0.009716 -3.065537 0.675975 0.990284 0.538075 0.038391
186 0.009716 -3.065537 0.675975 0.990284 0.534323 0.003697
187 0.009716 -3.065537 0.675975 0.990284 0.512110 0.052235
188 0.009716 -3.065537 0.675975 0.990284 0.504265 0.007520
189 0.009716 -3.065537 0.675975 0.990284 0.499826 0.052184
190 0.009716 -3.065537 0.675975 0.990284 0.516201 0.008733
191 0.009716 -3.065537 0.675975 0.990284 0.521455 0.120894
192 0.009716 -3.065537 0.675975 0.990284 0.525691 0.030830
193 0.009716 -3.065537 0.675975 0.990284 0.540302 0.003938
194 0.009716 -3.065537 0.675975 0.990284 0.545825 0.167990
195 0.009716 -3.065537 0.675975 0.990284 0.537479 0.038940
196 0.009716 -3.065537 0.675975 0.990284 0.511829 0.005247
197 0.009716 -3.065537 0.675975 0.990284 0.500604 0.002470
198 0.009716 -3.065537 0.675975 0.990284 0.548848 0.024001
199 0.009716 -3.065537 0.675975 0.990284 0.488770 0.019742
200 0.009716 -3.065537 0.675975 0.990284 0.533882 0.033439
201 0.009716 -3.065537 0.675975 0.990284 0.520727 0.035535
202 0.009716 -3.065537 0.675975 0.990284 0.519536 0.012243
203 0.009716 -3.065537 0.675975 0.990284 0.531036 0.095551
204 0.009716 -3.065537 0.675975 0.990284 0.510580 0.006891
205 0.009716 -3.065537 0.675975 0.990284 0.499427 0.003042
206 0.009716 -3.065537 0.675975 0.990284 0.553035 0.031405
207 0.009716 -3.065537 0.675975 0.990284 0.529766 0.057380
208 0.009716 -3.065537 0.675975 0.990284 0.539731 0.022874
209 0.009716 -3.065537 0.675975 0.990284 0.518316 0.016386
210 0.009716 -3.065537 0.675975 0.990284 0.513657 0.074130
211 0.009716 -3.065537 0.675975 0.990284 0.514935 0.082094
212 0.009716 -3.065537 0.675975 0.990284 0.526450 0.023306
213 0.009716 -3.065537 0.675975 0.990284 0.515921 0.025770
214 0.009716 -3.065537 0.675975 0.990284 0.483006 0.004844
215 0.009716 -3.065537 0.675975 0.990284 0.529289 0.026776
216 0.009716 -3.065537 0.675975 0.990284 0.531416 0.056871
217 0.009716 -3.065537 0.675975 0.990284 0.535003 0.007664
218 0.009716 -3.065537 0.675975 0.990284 0.509225 0.003307
219 0.009716 -3.065537 0.675975 0.990284 0.514674 0.034372
220 0.009716 -3.065537 0.675975 0.990284 0.532404 0.038947
221 0.009716 -3.065537 0.675975 0.990284 0.530365 0.002494
222 0.009716 -3.065537 0.675975 0.990284 0.510284 0.022757
223 0.009716 -3.065537 0.675975 0.990284 0.534862 0.066311
224 0.009716 -3.065537 0.675975 0.990284 0.523299 0.152419
225 0.009716 -3.065537 0.675975 0.990284 0.528451 0.124921
226 0.009716 -3.065537 0.675975 0.990284 0.535135 0.023700
227 0.009716 -3.065537 0.675975 0.990284 0.505723 0.026747
228 0.009716 -3.065537 0.675975 0.990284 0.536857 0.090689
229 0.009716 -3.065537 0.675975 0.990284 0.522755 0.119037
230 0.009716 -3.065537 0.675975 0.990284 0.514795 0.086409
231 0.009716 -3.065537 0.675975 0.990284 0.523799 0.113042
232 0.009716 -3.065537 0.675975 0.990284 0.519952 0.020932
233 0.009716 -3.065537 0.675975 0.990284 0.531513 0.173714
234 0.009716 -3.065537 0.675975 0.990284 0.539730 0.035707
235 0.009716 -3.065537 0.675975 0.990284 0.566372 0.028869
236 0.009716 -3.065537 0.675975 0.990284 0.529576 0.125574
237 0.009716 -3.065537 0.675975 0.990284 0.507952 0.058108
238 0.009716 -3.065537 0.675975 0.990284 0.521682 0.067212
239 0.009716 -3.065537 0.675975 0.990284 0.498721 0.021484
240 0.009716 -3.065537 0.675975 0.990284 0.521552 0.039131
241 0.009716 -3.065537 0.675975 0.990284 0.515923 0.117616
242 0.009716 -3.065537 0.675975 0.990284 0.518589 0.060791
243 0.009716 -3.065537 0.675975 0.990284 0.494734 0.115611
244 0.009716 -3.065537 0.675975 0.990284 0.498247 0.024754
245 0.009716 -3.065537 0.675975 0.990284 0.543972 0.030415
246 0.009716 -3.065537 0.675975 0.990284 0.539517 0.021990
247 0.009716 -3.065537 0.675975 0.990284 0.537249 0.004443
248 0.009716 -3.065537 0.675975 0.990284 0.511296 0.018974
249 0.009716 -3.065537 0.675975 0.990284 0.539800 0.122164
250 0.009716 -3.065537 0.675975 0.990284 0.524573 0.007060
251 0.009716 -3.065537 0.675975 0.990284 0.505743 0.002711
252 0.009716 -3.065537 0.675975 0.990284 0.520359 0.084716
253 0.009716 -3.065537 0.675975 0.990284 0.521463 0.110848
254 0.009716 -3.065537 0.675975 0.990284 0.528229 0.190851
255 0.009716 -3.065537 0.675975 0.990284 0.522596 0.027177
256 0.009716 -3.065537 0.675975 0.990284 0.524159 0.128258
257 0.009716 -3.065537 0.675975 0.990284 0.526142 0.128923
258 0.009716 -3.065537 0.675975 0.990284 0.511771 0.037514
259 0.009716 -3.065537 0.675975 0.990284 0.537176 0.021891
260 0.009716 -3.065537 0.675975 0.990284 0.528985 0.002465
261 0.009716 -3.065537 0.675975 0.990284 0.512950 0.026295
262 0.009716 -3.065537 0.675975 0.990284 0.544441 0.063618
263 0.009716 -3.065537 0.675975 0.990284 0.552186 0.021552
264 0.009716 -3.065537 0.675975 0.990284 0.503853 0.023733
265 0.009716 -3.065537 0.675975 0.990284 0.514188 0.002497
266 0.009716 -3.065537 0.675975 0.990284 0.540201 0.032228
267 0.009716 -3.065537 0.675975 0.990284 0.527866 0.021617
268 0.009716 -3.065537 0.675975 0.990284 0.523922 0.090795
269 0.009716 -3.065537 0.675975 0.990284 0.540025 0.051558
270 0.009716 -3.065537 0.675975 0.990284 0.520404 0.055091
271 0.009716 -3.065537 0.675975 0.990284 0.527739 0.023098
272 0.009716 -3.065537 0.675975 0.990284 0.521996 0.049942
273 0.009716 -3.065537 0.675975 0.990284 0.521245 0.045468
274 0.009716 -3.065537 0.675975 0.990284 0.540030 0.021493
275 0.009716 -3.065537 0.675975 0.990284 0.510497 0.105209
276 0.009716 -3.065537 0.675975 0.990284 0.518536 0.007008
277 0.009716 -3.065537 0.675975 0.990284 0.510605 0.081273
278 0.009716 -3.065537 0.675975 0.990284 0.509001 0.053710
279 0.009716 -3.065537 0.675975 0.990284 0.513163 0.009617
280 0.009716 -3.065537 0.675975 0.990284 0.505733 0.058578
281 0.009716 -3.065537 0.675975 0.990284 0.533577 0.029775
282 0.009716 -3.065537 0.675975 0.990284 0.515813 0.024857
283 0.009716 -3.065537 0.675975 0.990284 0.530297 0.021537
284 0.009716 -3.065537 0.675975 0.990284 0.520052 0.117058
285 0.009716 -3.065537 0.675975 0.990284 0.516120 0.027222
286 0.009716 -3.065537 0.675975 0.990284 0.530660 0.042203
287 0.009716 -3.065537 0.675975 0.990284 0.476444 0.002787
288 0.009716 -3.065537 0.675975 0.990284 0.529012 0.056933
289 0.009716 -3.065537 0.675975 0.990284 0.514839 0.055688
290 0.009716 -3.065537 0.675975 0.990284 0.510243 0.025446
291 0.009716 -3.065537 0.675975 0.990284 0.520382 0.163695
292 0.009716 -3.065537 0.675975 0.990284 0.553580 0.077905
293 0.009716 -3.065537 0.675975 0.990284 0.528519 0.102772
294 0.009716 -3.065537 0.675975 0.990284 0.513886 0.025485
295 0.009716 -3.065537 0.675975 0.990284 0.513167 0.056372
296 0.009716 -3.065537 0.675975 0.990284 0.511611 0.130025
297 0.009716 -3.065537 0.675975 0.990284 0.479443 0.056417
298 0.009716 -3.065537 0.675975 0.990284 0.547114 0.102412
299 0.009716 -3.065537 0.675975 0.990284 0.516832 0.217333
300 0.009716 -3.065537 0.675975 0.990284 0.526050 0.109048
301 0.009716 -3.065537 0.675975 0.990284 0.504403 0.056954
302 0.009716 -3.065537 0.675975 0.990284 0.499687 0.078463
303 0.009716 -3.065537 0.675975 0.990284 0.487817 0.007571
304 0.009716 -3.065537 0.675975 0.990284 0.518705 0.038131
305 0.009716 -3.065537 0.675975 0.990284 0.540314 0.089721
306 0.009716 -3.065537 0.675975 0.990284 0.490160 0.071520
307 0.009716 -3.065537 0.675975 0.990284 0.527558 0.047758
308 0.009716 -3.065537 0.675975 0.990284 0.494507 0.021493
309 0.009716 -3.065537 0.675975 0.990284 0.496804 0.056469
310 0.009716 -3.065537 0.675975 0.990284 0.536871 0.021763
311 0.009716 -3.065537 0.675975 0.990284 0.515370 0.056429
312 0.009716 -3.065537 0.675975 0.990284 0.521617 0.062885
313 0.009716 -3.065537 0.675975 0.990284 0.540367 0.023051
314 0.009716 -3.065537 0.675975 0.990284 0.516107 0.073257
315 0.009716 -3.065537 0.675975 0.990284 0.524541 0.023435
316 0.009716 -3.065537 0.675975 0.990284 0.519865 0.011777
317 0.009716 -3.065537 0.675975 0.990284 0.507976 0.021511
318 0.009716 -3.065537 0.675975 0.990284 0.511627 0.005157
319 0.009716 -3.065537 0.675975 0.990284 0.501215 0.002718
320 0.009716 -3.065537 0.675975 0.990284 0.545838 0.146574
321 0.009716 -3.065537 0.675975 0.990284 0.526036 0.003469
322 0.009716 -0.495918 3.099107 0.990284 0.515765 0.020975
323 0.009716 -0.495918 3.099107 0.990284 0.488406 0.007391
324 0.009716 -0.495918 3.099107 0.990284 0.515229 0.181352
325 0.009716 -0.495918 3.099107 0.990284 0.496688 0.088225
326 0.009716 -0.495918 3.099107 0.990284 0.511072 0.028827
327 0.009716 -0.495918 3.099107 0.990284 0.515909 0.081742
328 0.009716 -0.495918 3.099107 0.990284 0.510664 0.056589
329 0.009716 -0.495918 3.099107 0.990284 0.516042 0.042870
330 0.009716 -0.495918 3.099107 0.990284 0.519210 0.021486
331 0.009716 -0.495918 3.099107 0.990284 0.537564 0.063976
332 0.009716 -0.495918 3.099107 0.990284 0.554856 0.054257
333 0.009716 -0.495918 3.099107 0.990284 0.551269 0.022221
334 0.009716 -0.495918 3.099107 0.990284 0.542731 0.002561
335 0.009716 -0.495918 3.099107 0.990284 0.525664 0.007472
336 0.009716 -0.495918 3.099107 0.990284 0.571696 0.056468
337 0.009716 -0.495918 3.099107 0.990284 0.527695 0.002546
338 0.009716 -0.495918 3.099107 0.990284 0.530262 0.035233
339 0.009716 -0.495918 3.099107 0.990284 0.520628 0.008232
340 0.009716 -0.495918 3.099107 0.990284 0.489573 0.022032
341 0.009716 -0.495918 3.099107 0.990284 0.539140 0.058083
342 0.009716 -0.495918 3.099107 0.990284 0.534478 0.038047
343 0.009716 -0.495918 3.099107 0.990284 0.487773 0.021696
344 0.009716 -0.495918 3.099107 0.990284 0.544410 0.052395
345 0.009716 -0.495918 3.099107 0.990284 0.518788 0.043229
346 0.009716 -0.495918 3.099107 0.990284 0.523004 0.002615
347 0.009716 -0.495918 3.099107 0.990284 0.513000 0.024680
348 0.009716 -0.495918 3.099107 0.990284 0.511247 0.057048
349 0.009716 -0.495918 3.099107 0.990284 0.510035 0.021794
350 0.009716 -0.495918 3.099107 0.990284 0.516071 0.047814
351 0.009716 -0.495918 3.099107 0.990284 0.523257 0.022557
352 0.009716 -0.495918 3.099107 0.990284 0.529642 0.004367
353 0.009716 -0.495918 3.099107 0.990284 0.529068 0.132258
354 0.009716 -0.495918 3.099107 0.990284 0.507029 0.022362
355 0.009716 -0.495918 3.099107 0.990284 0.501348 0.043254
356 0.009716 -0.495918 3.099107 0.990284 0.527970 0.030225
357 0.009716 -0.495918 3.099107 0.990284 0.516975 0.186290
358 0.009716 -0.495918 3.099107 0.990284 0.513458 0.059104
359 0.009716 -0.495918 3.099107 0.990284 0.512179 0.014561
360 0.009716 -0.495918 3.099107 0.990284 0.518702 0.077543
361 0.009716 -0.495918 3.099107 0.990284 0.530226 0.089279
362 0.009716 -0.495918 3.099107 0.990284 0.512674 0.025368
363 0.009716 -0.495918 3.099107 0.990284 0.521466 0.002890
364 0.009716 -0.495918 3.099107 0.990284 0.523877 0.221959
365 0.009716 -0.495918 3.099107 0.990284 0.527079 0.096293
366 0.009716 -0.495918 3.099107 0.990284 0.505222 0.021484
367 0.009716 -0.495918 3.099107 0.990284 0.527380 0.292069
368 0.009716 -0.495918 3.099107 0.990284 0.534190 0.107357
369 0.009716 -0.495918 3.099107 0.990284 0.521909 0.002674
370 0.009716 -0.495918 3.099107 0.990284 0.503154 0.028245
371 0.009716 -0.495918 3.099107 0.990284 0.532059 0.017309
372 0.009716 -0.495918 3.099107 0.990284 0.529777 0.131250
373 0.009716 -0.495918 3.099107 0.990284 0.506494 0.103051
374 0.009716 -0.495918 3.099107 0.990284 0.510173 0.039549
375 0.009716 -0.495918 3.099107 0.990284 0.545864 0.113571
376 0.009716 -0.495918 3.099107 0.990284 0.516042 0.002725
377 0.009716 -0.495918 3.099107 0.990284 0.504073 0.057585
378 0.009716 -0.495918 3.099107 0.990284 0.499095 0.022054
379 0.009716 -0.495918 3.099107 0.990284 0.507808 0.021939
380 0.009716 -0.495918 3.099107 0.990284 0.504566 0.003863
381 0.009716 -0.495918 3.099107 0.990284 0.515435 0.016052
382 0.009716 -0.495918 3.099107 0.990284 0.498294 0.002785
383 0.009716 -0.495918 3.099107 0.990284 0.526902 0.010997
384 0.009716 -0.495918 3.099107 0.990284 0.540919 0.023506
385 0.009716 -0.495918 3.099107 0.990284 0.491553 0.002565
386 0.009716 -0.495918 3.099107 0.990284 0.523208 0.095844
387 0.009716 -0.495918 3.099107 0.990284 0.490491 0.063992
388 0.009716 -0.495918 3.099107 0.990284 0.514768 0.114603
389 0.009716 -0.495918 3.099107 0.990284 0.516438 0.157756
390 0.009716 -0.495918 3.099107 0.990284 0.516791 0.057308
391 0.009716 -0.495918 3.099107 0.990284 0.521716 0.030597
392 0.009716 -0.495918 3.099107 0.990284 0.505308 0.021778
393 0.009716 -0.495918 3.099107 0.990284 0.513874 0.069036
394 0.009716 -0.495918 3.099107 0.990284 0.518813 0.056837
395 0.009716 -0.495918 3.099107 0.990284 0.527962 0.002710
396 0.009716 -0.495918 3.099107 0.990284 0.536416 0.067910
397 0.009716 -0.495918 3.099107 0.990284 0.513295 0.023272
398 0.009716 -0.495918 3.099107 0.990284 0.515987 0.003083
399 0.009716 -0.495918 3.099107 0.990284 0.518192 0.119303
400 0.009716 -0.495918 3.099107 0.990284 0.547280 0.061485
401 0.009716 -0.495918 3.099107 0.990284 0.513154 0.091708
402 0.009716 -0.495918 3.099107 0.990284 0.508442 0.004696
403 0.009716 -0.495918 3.099107 0.990284 0.522269 0.153706
404 0.009716 -0.495918 3.099107 0.990284 0.518197 0.041741
405 0.009716 -0.495918 3.099107 0.990284 0.546865 0.063430
406 0.009716 -0.495918 3.099107 0.990284 0.536448 0.024988
407 0.009716 -0.495918 3.099107 0.990284 0.528095 0.022261
408 0.009716 -0.495918 3.099107 0.990284 0.530771 0.022188
409 0.009716 -0.495918 3.099107 0.990284 0.538649 0.112537
410 0.009716 -0.495918 3.099107 0.990284 0.504326 0.080821
411 0.009716 -0.495918 3.099107 0.990284 0.489863 0.022908
412 0.009716 -0.495918 3.099107 0.990284 0.521003 0.058810
413 0.009716 -0.495918 3.099107 0.990284 0.527021 0.063763
414 0.009716 -0.495918 3.099107 0.990284 0.499873 0.036177
415 0.009716 -0.495918 3.099107 0.990284 0.503235 0.014488
416 0.009716 -0.495918 3.099107 0.990284 0.523931 0.027372
417 0.009716 -0.495918 3.099107 0.990284 0.517684 0.009682
418 0.009716 -0.495918 3.099107 0.990284 0.450012 0.006601
419 0.009716 -0.495918 3.099107 0.990284 0.502676 0.004109
420 0.009716 -0.495918 3.099107 0.990284 0.491857 0.015129
421 0.009716 -0.495918 3.099107 0.990284 0.537215 0.012990
422 0.009716 -0.495918 3.099107 0.990284 0.498170 0.018197
423 0.009716 -0.495918 3.099107 0.990284 0.514539 0.061432
424 0.009716 -0.495918 3.099107 0.990284 0.480911 0.088204
425 0.009716 -0.495918 3.099107 0.990284 0.506035 0.025983
426 0.009716 -0.495918 3.099107 0.990284 0.535034 0.052441
427 0.009716 -0.495918 3.099107 0.990284 0.513497 0.022606
428 0.009716 -0.495918 3.099107 0.990284 0.502597 0.022820
429 0.009716 -0.495918 3.099107 0.990284 0.536026 0.056365
430 0.009716 -0.495918 3.099107 0.990284 0.492392 0.003386
431 0.009716 -0.495918 3.099107 0.990284 0.491264 0.063035
432 0.009716 -0.495918 3.099107 0.990284 0.507023 0.057891
433 0.009716 -0.495918 3.099107 0.990284 0.516199 0.028042
434 0.009716 -0.495918 3.099107 0.990284 0.503448 0.021804
435 0.009716 -0.495918 3.099107 0.990284 0.549060 0.023021
436 0.009716 -0.495918 3.099107 0.990284 0.499328 0.030092
437 0.009716 -0.495918 3.099107 0.990284 0.503743 0.003368
438 0.009716 -0.495918 3.099107 0.990284 0.527349 0.102094
439 0.009716 -0.495918 3.099107 0.990284 0.503627 0.083940
440 0.009716 -0.495918 3.099107 0.990284 0.521612 0.026507
441 0.009716 -0.495918 3.099107 0.990284 0.519929 0.114696
442 0.009716 -0.495918 3.099107 0.990284 0.496214 0.003584
443 0.009716 -0.495918 3.099107 0.990284 0.505373 0.052296
444 0.009716 -0.495918 3.099107 0.990284 0.503079 0.003270
445 0.009716 -0.495918 3.099107 0.990284 0.486333 0.015408
446 0.009716 -0.495918 3.099107 0.990284 0.539971 0.066177
447 0.009716 -0.495918 3.099107 0.990284 0.527958 0.005221
448 0.009716 -0.495918 3.099107 0.990284 0.499500 0.002458
449 0.009716 -0.495918 3.099107 0.990284 0.525279 0.002528
450 0.009716 -0.495918 3.099107 0.990284 0.510108 0.025995
451 0.009716 -0.495918 3.099107 0.990284 0.554884 0.002658
452 0.009716 -0.495918 3.099107 0.990284 0.510568 0.017556
453 0.009716 -0.495918 3.099107 0.990284 0.515151 0.031200
454 0.009716 -0.495918 3.099107 0.990284 0.497158 0.021980
455 0.009716 -0.495918 3.099107 0.990284 0.522975 0.007515
456 0.009716 -0.495918 3.099107 0.990284 0.494761 0.023429
457 0.009716 -0.495918 3.099107 0.990284 0.509532 0.013723
458 0.009716 -0.495918 3.099107 0.990284 0.491058 0.019989
459 0.009716 -0.495918 3.099107 0.990284 0.523476 0.055509
460 0.009716 -0.495918 3.099107 0.990284 0.518603 0.006774
461 0.009716 -0.495918 3.099107 0.990284 0.525092 0.175732
462 0.009716 -0.495918 3.099107 0.990284 0.525878 0.073302
463 0.009716 -0.495918 3.099107 0.990284 0.468111 0.010179
464 0.009716 -0.495918 3.099107 0.990284 0.524318 0.031450
465 0.009716 -0.495918 3.099107 0.990284 0.483355 0.045491
466 0.009716 -0.495918 3.099107 0.990284 0.544443 0.007489
467 0.009716 -0.495918 3.099107 0.990284 0.504976 0.041914
468 0.009716 -0.495918 3.099107 0.990284 0.523566 0.155082
469 0.009716 -0.495918 3.099107 0.990284 0.548692 0.045767
470 0.009716 -0.495918 3.099107 0.990284 0.545560 0.023394
471 0.009716 -0.495918 3.099107 0.990284 0.520622 0.234213
472 0.009716 -0.495918 3.099107 0.990284 0.519765 0.002837
473 0.009716 -0.495918 3.099107 0.990284 0.538310 0.039271
474 0.009716 -0.495918 3.099107 0.990284 0.504164 0.013435
475 0.009716 -0.495918 3.099107 0.990284 0.492802 0.040277
476 0.009716 -0.495918 3.099107 0.990284 0.511048 0.026455
477 0.009716 -0.495918 3.099107 0.990284 0.518082 0.155655
478 0.009716 -0.495918 3.099107 0.990284 0.524855 0.106233
479 0.009716 -0.495918 3.099107 0.990284 0.509026 0.003707
480 0.009716 -0.495918 3.099107 0.990284 0.510849 0.012232
481 0.009716 -0.495918 3.099107 0.990284 0.553634 0.003619
482 0.009716 -0.495918 3.099107 0.990284 0.516566 0.031555
483 0.009716 -0.495918 3.099107 0.990284 0.500179 0.155187
484 0.009716 -0.495918 3.099107 0.990284 0.541524 0.025106
485 0.009716 -0.495918 3.099107 0.990284 0.525986 0.102128
486 0.009716 -0.495918 3.099107 0.990284 0.513554 0.034755
487 0.009716 -0.495918 3.099107 0.990284 0.514545 0.058264
488 0.009716 -0.495918 3.099107 0.990284 0.515763 0.076732
489 0.009716 -0.495918 3.099107 0.990284 0.505979 0.057599
490 0.009716 -0.495918 3.099107 0.990284 0.502829 0.039883
491 0.009716 -0.495918 3.099107 0.990284 0.532663 0.028765
492 0.009716 -0.495918 3.099107 0.990284 0.519630 0.002871
493 0.009716 -0.495918 3.099107 0.990284 0.533261 0.026888
494 0.009716 -0.495918 3.099107 0.990284 0.494223 0.004952
495 0.009716 -0.495918 3.099107 0.990284 0.524704 0.007661
496 0.009716 -0.495918 3.099107 0.990284 0.510631 0.050655
497 0.009716 -0.495918 3.099107 0.990284 0.487683 0.037987
498 0.009716 -0.495918 3.099107 0.990284 0.526065 0.101975
499 0.009716 -0.495918 3.099107 0.990284 0.518906 0.025057
