Lp  F6        x1       x2        Ocena     Średni    Najgorszy
0 0.011522 -0.920119 2.955673 0.988478 0.474806 0.004497
1 0.009925 1.298543 -2.873274 0.990075 0.514332 0.002457
2 0.009925 1.298543 -2.873274 0.990075 0.484934 0.022569
3 0.009925 1.298543 -2.873274 0.990075 0.516363 0.039464
4 0.009925 1.298543 -2.873274 0.990075 0.504759 0.042742
5 0.009925 1.298543 -2.873274 0.990075 0.549678 0.025681
6 0.009925 1.298543 -2.873274 0.990075 0.523138 0.023601
7 0.009925 1.298543 -2.873274 0.990075 0.493699 0.103850
8 0.009925 1.298543 -2.873274 0.990075 0.520096 0.074878
9 0.009925 1.298543 -2.873274 0.990075 0.529493 0.097737
10 0.009925 1.298543 -2.873274 0.990075 0.527883 0.101616
11 0.009743 1.927214 -2.470436 0.990257 0.539740 0.002632
12 0.009743 1.927214 -2.470436 0.990257 0.545224 0.220969
13 0.009743 1.927214 -2.470436 0.990257 0.518054 0.152604
14 0.009743 1.927214 -2.470436 0.990257 0.493305 0.032144
15 0.009743 1.927214 -2.470436 0.990257 0.510854 0.022764
16 0.009743 1.927214 -2.470436 0.990257 0.522968 0.021578
17 0.009743 1.927214 -2.470436 0.990257 0.526661 0.080624
18 0.009743 1.927214 -2.470436 0.990257 0.538011 0.060485
19 0.009743 1.927214 -2.470436 0.990257 0.504851 0.012150
20 0.009743 1.927214 -2.470436 0.990257 0.526981 0.007107
21 0.009743 1.927214 -2.470436 0.990257 0.510280 0.069908
22 0.009743 1.927214 -2.470436 0.990257 0.498514 0.034358
23 0.009743 1.927214 -2.470436 0.990257 0.521253 0.091753
24 0.009743 1.927214 -2.470436 0.990257 0.501442 0.052379
25 0.009743 1.927214 -2.470436 0.990257 0.493149 0.021560
26 0.009743 1.927214 -2.470436 0.990257 0.519712 0.016841
27 0.009743 1.927214 -2.470436 0.990257 0.518830 0.047867
28 0.009743 1.927214 -2.470436 0.990257 0.517694 0.069213
29 0.009743 1.927214 -2.470436 0.990257 0.500586 0.039860
30 0.009743 1.927214 -2.470436 0.990257 0.514505 0.019616
31 0.009743 1.927214 -2.470436 0.990257 0.539058 0.277615
32 0.009743 1.927214 -2.470436 0.990257 0.483116 0.009332
33 0.009743 1.927214 -2.470436 0.990257 0.492006 0.023092
34 0.009743 1.927214 -2.470436 0.990257 0.526372 0.021536
35 0.009743 1.927214 -2.470436 0.990257 0.536941 0.004429
36 0.009743 1.927214 -2.470436 0.990257 0.536934 0.035083
37 0.009743 1.927214 -2.470436 0.990257 0.526368 0.024098
38 0.009718 -3.138781 0.086976 0.990282 0.510069 0.021483
39 0.009718 -3.138781 0.086976 0.990282 0.537281 0.063035
40 0.009718 -3.138781 0.086976 0.990282 0.502252 0.004962
41 0.009718 -3.138781 0.086976 0.990282 0.524613 0.104088
42 0.009718 -3.138781 0.086976 0.990282 0.506960 0.061285
43 0.009718 -3.138781 0.086976 0.990282 0.532594 0.024094
44 0.009718 -3.138781 0.086976 0.990282 0.498124 0.025839
45 0.009718 -3.138781 0.086976 0.990282 0.529703 0.102029
46 0.009718 -3.138781 0.086976 0.990282 0.535445 0.084171
47 0.009718 -3.138781 0.086976 0.990282 0.513245 0.046385
48 0.009718 -3.138781 0.086976 0.990282 0.535863 0.022003
49 0.009716 3.135729 -0.126650 0.990284 0.514962 0.023330
50 0.009716 3.135729 -0.126650 0.990284 0.503535 0.134091
51 0.009716 3.135729 -0.126650 0.990284 0.511732 0.005111
52 0.009716 3.135729 -0.126650 0.990284 0.490044 0.042784
53 0.009716 3.135729 -0.126650 0.990284 0.501889 0.023154
54 0.009716 3.135729 -0.126650 0.990284 0.521000 0.065085
55 0.009716 3.135729 -0.126650 0.990284 0.487971 0.112400
56 0.009716 3.135729 -0.126650 0.990284 0.492272 0.104290
57 0.009716 3.135729 -0.126650 0.990284 0.511186 0.030525
58 0.009716 3.135729 -0.126650 0.990284 0.529882 0.049983
59 0.009716 3.135729 -0.126650 0.990284 0.513675 0.015522
60 0.009716 3.135729 -0.126650 0.990284 0.538939 0.006537
61 0.009716 3.135729 -0.126650 0.990284 0.511575 0.003531
62 0.009716 3.135729 -0.126650 0.990284 0.507090 0.056371
63 0.009716 3.135729 -0.126650 0.990284 0.514695 0.105495
64 0.009716 3.135729 -0.126650 0.990284 0.536414 0.057596
65 0.009716 3.135729 -0.126650 0.990284 0.505443 0.063013
66 0.009716 3.135729 -0.126650 0.990284 0.534730 0.057093
67 0.009716 3.135729 -0.126650 0.990284 0.545091 0.033666
68 0.009716 3.135729 -0.126650 0.990284 0.512034 0.027500
69 0.009716 3.135729 -0.126650 0.990284 0.488856 0.005007
70 0.009716 3.135729 -0.126650 0.990284 0.549005 0.003036
71 0.009716 3.135729 -0.126650 0.990284 0.509721 0.022269
72 0.009716 3.135729 -0.126650 0.990284 0.490870 0.003833
73 0.009716 3.135729 -0.126650 0.990284 0.501719 0.069989
74 0.009716 -1.121538 2.931258 0.990284 0.498232 0.006101
75 0.009716 -1.121538 2.931258 0.990284 0.506118 0.067851
76 0.009716 -1.121538 2.931258 0.990284 0.507249 0.046365
77 0.009716 -1.121538 2.931258 0.990284 0.514651 0.026739
78 0.009716 -1.121538 2.931258 0.990284 0.504399 0.004827
79 0.009716 -1.121538 2.931258 0.990284 0.526668 0.095806
80 0.009716 -1.121538 2.931258 0.990284 0.521789 0.003578
81 0.009716 -1.121538 2.931258 0.990284 0.490042 0.005767
82 0.009716 -1.121538 2.931258 0.990284 0.508779 0.020644
83 0.009716 -1.121538 2.931258 0.990284 0.507884 0.024467
84 0.009716 -1.121538 2.931258 0.990284 0.515695 0.002878
85 0.009716 -1.121538 2.931258 0.990284 0.501486 0.002528
86 0.009716 -1.121538 2.931258 0.990284 0.490751 0.005217
87 0.009716 -1.121538 2.931258 0.990284 0.508989 0.056367
88 0.009716 -1.121538 2.931258 0.990284 0.490714 0.024815
89 0.009716 -1.121538 2.931258 0.990284 0.507152 0.026685
90 0.009716 -1.121538 2.931258 0.990284 0.504957 0.022368
91 0.009716 -1.121538 2.931258 0.990284 0.510728 0.032950
92 0.009716 -1.121538 2.931258 0.990284 0.520215 0.040526
93 0.009716 -1.121538 2.931258 0.990284 0.523059 0.194227
94 0.009716 -1.121538 2.931258 0.990284 0.508745 0.059710
95 0.009716 -1.121538 2.931258 0.990284 0.518994 0.028065
96 0.009716 -1.121538 2.931258 0.990284 0.501427 0.057024
97 0.009716 -1.121538 2.931258 0.990284 0.515815 0.002569
98 0.009716 -1.121538 2.931258 0.990284 0.551623 0.216078
99 0.009716 -1.121538 2.931258 0.990284 0.529220 0.100287
100 0.009716 -1.121538 2.931258 0.990284 0.490461 0.089952
101 0.009716 -1.121538 2.931258 0.990284 0.514100 0.047362
102 0.009716 -1.121538 2.931258 0.990284 0.527517 0.154672
103 0.009716 -1.121538 2.931258 0.990284 0.534927 0.006678
104 0.009716 -1.121538 2.931258 0.990284 0.486491 0.017171
105 0.009716 -1.121538 2.931258 0.990284 0.499729 0.109531
106 0.009716 -1.121538 2.931258 0.990284 0.497009 0.045270
107 0.009716 -1.121538 2.931258 0.990284 0.531873 0.044654
108 0.009716 -1.121538 2.931258 0.990284 0.529924 0.154442
109 0.009716 -1.121538 2.931258 0.990284 0.518008 0.023777
110 0.009716 -1.121538 2.931258 0.990284 0.502904 0.022170
111 0.009716 -1.121538 2.931258 0.990284 0.518239 0.166756
112 0.009716 -1.121538 2.931258 0.990284 0.542186 0.002598
113 0.009716 -1.121538 2.931258 0.990284 0.520177 0.002457
114 0.009716 -1.121538 2.931258 0.990284 0.503326 0.038002
115 0.009716 -1.121538 2.931258 0.990284 0.512347 0.056745
116 0.009716 -1.121538 2.931258 0.990284 0.501292 0.022255
117 0.009716 -1.121538 2.931258 0.990284 0.511286 0.034955
118 0.009716 -1.121538 2.931258 0.990284 0.529067 0.010330
119 0.009716 -1.121538 2.931258 0.990284 0.523536 0.106420
120 0.009716 -1.121538 2.931258 0.990284 0.526025 0.107527
121 0.009716 -1.121538 2.931258 0.990284 0.526274 0.057451
122 0.009716 -1.121538 2.931258 0.990284 0.513554 0.038337
123 0.009716 -1.121538 2.931258 0.990284 0.514299 0.021834
124 0.009716 -1.121538 2.931258 0.990284 0.523754 0.078940
125 0.009716 -1.121538 2.931258 0.990284 0.527460 0.112000
126 0.009716 -1.121538 2.931258 0.990284 0.507749 0.009177
127 0.009716 -1.121538 2.931258 0.990284 0.547046 0.046780
128 0.009716 -1.121538 2.931258 0.990284 0.508904 0.056558
129 0.009716 -1.121538 2.931258 0.990284 0.529398 0.157695
130 0.009716 -1.121538 2.931258 0.990284 0.528601 0.142693
131 0.009716 -1.121538 2.931258 0.990284 0.538497 0.056408
132 0.009716 -1.121538 2.931258 0.990284 0.495642 0.127772
133 0.009716 -1.121538 2.931258 0.990284 0.517198 0.161662
134 0.009716 -1.121538 2.931258 0.990284 0.529730 0.027922
135 0.009716 -1.121538 2.931258 0.990284 0.555819 0.036140
136 0.009716 -1.121538 2.931258 0.990284 0.514195 0.056373
137 0.009716 -1.121538 2.931258 0.990284 0.522070 0.056525
138 0.009716 -1.121538 2.931258 0.990284 0.518281 0.081647
139 0.009716 -1.121538 2.931258 0.990284 0.554623 0.028376
140 0.009716 -1.121538 2.931258 0.990284 0.525705 0.119781
141 0.009716 -1.121538 2.931258 0.990284 0.500158 0.058989
142 0.009716 -1.121538 2.931258 0.990284 0.484827 0.025430
143 0.009716 -1.121538 2.931258 0.990284 0.536999 0.170670
144 0.009716 -1.121538 2.931258 0.990284 0.466104 0.025679
145 0.009716 -1.121538 2.931258 0.990284 0.506745 0.058443
146 0.009716 -1.121538 2.931258 0.990284 0.505814 0.021711
147 0.009716 -1.121538 2.931258 0.990284 0.517379 0.094534
148 0.009716 -1.121538 2.931258 0.990284 0.541069 0.070850
149 0.009716 -1.121538 2.931258 0.990284 0.536648 0.119017
150 0.009716 -1.121538 2.931258 0.990284 0.506923 0.118885
151 0.009716 -1.121538 2.931258 0.990284 0.541494 0.279581
152 0.009716 -1.121538 2.931258 0.990284 0.510778 0.038358
153 0.009716 -1.121538 2.931258 0.990284 0.510473 0.004662
154 0.009716 -1.121538 2.931258 0.990284 0.512728 0.022721
155 0.009716 -1.121538 2.931258 0.990284 0.541554 0.165908
156 0.009716 -1.121538 2.931258 0.990284 0.525800 0.112821
157 0.009716 -1.121538 2.931258 0.990284 0.508074 0.031876
158 0.009716 -1.121538 2.931258 0.990284 0.491260 0.046107
159 0.009716 -1.121538 2.931258 0.990284 0.513016 0.057066
160 0.009716 -1.121538 2.931258 0.990284 0.501454 0.024346
161 0.009716 -1.121538 2.931258 0.990284 0.516452 0.054490
162 0.009716 -1.121538 2.931258 0.990284 0.527782 0.037777
163 0.009716 -1.121538 2.931258 0.990284 0.512786 0.028195
164 0.009716 -1.121538 2.931258 0.990284 0.531425 0.007824
165 0.009716 -1.121538 2.931258 0.990284 0.532820 0.021486
166 0.009716 -1.121538 2.931258 0.990284 0.508634 0.016664
167 0.009716 -1.121538 2.931258 0.990284 0.518324 0.032198
168 0.009716 -1.121538 2.931258 0.990284 0.504964 0.028952
169 0.009716 -1.121538 2.931258 0.990284 0.530039 0.039852
170 0.009716 -1.121538 2.931258 0.990284 0.538002 0.003940
171 0.009716 -1.121538 2.931258 0.990284 0.531978 0.005303
172 0.009716 -1.121538 2.931258 0.990284 0.529036 0.022803
173 0.009716 -1.121538 2.931258 0.990284 0.541588 0.245512
174 0.009716 -1.121538 2.931258 0.990284 0.503514 0.008391
175 0.009716 -1.121538 2.931258 0.990284 0.524283 0.102941
176 0.009716 -1.121538 2.931258 0.990284 0.525604 0.068999
177 0.009716 -1.121538 2.931258 0.990284 0.485422 0.042815
178 0.009716 -1.121538 2.931258 0.990284 0.501912 0.032573
179 0.009716 -1.121538 2.931258 0.990284 0.537228 0.046691
180 0.009716 -1.121538 2.931258 0.990284 0.528019 0.181442
181 0.009716 -1.121538 2.931258 0.990284 0.515943 0.056455
182 0.009716 -1.121538 2.931258 0.990284 0.516142 0.021722
183 0.009716 -1.121538 2.931258 0.990284 0.515648 0.025367
184 0.009716 -1.121538 2.931258 0.990284 0.513521 0.026920
185 0.009716 -1.121538 2.931258 0.990284 0.549512 0.040278
186 0.009716 -1.121538 2.931258 0.990284 0.531706 0.030651
187 0.009716 -1.121538 2.931258 0.990284 0.484503 0.023795
188 0.009716 -1.121538 2.931258 0.990284 0.514264 0.143097
189 0.009716 -1.121538 2.931258 0.990284 0.500740 0.058089
190 0.009716 -1.121538 2.931258 0.990284 0.495446 0.082217
191 0.009716 -1.121538 2.931258 0.990284 0.502524 0.114208
192 0.009716 -1.121538 2.931258 0.990284 0.520265 0.104256
193 0.009716 -1.121538 2.931258 0.990284 0.498667 0.017209
194 0.009716 -1.121538 2.931258 0.990284 0.532958 0.091436
195 0.009716 -1.121538 2.931258 0.990284 0.490023 0.031490
196 0.009716 -1.121538 2.931258 0.990284 0.507787 0.088068
197 0.009716 -1.121538 2.931258 0.990284 0.478879 0.028011
198 0.009716 -1.121538 2.931258 0.990284 0.488340 0.028330
199 0.009716 -1.121538 2.931258 0.990284 0.515169 0.100923
200 0.009716 -1.121538 2.931258 0.990284 0.557068 0.070136
201 0.009716 -1.121538 2.931258 0.990284 0.533847 0.102980
202 0.009716 -1.121538 2.931258 0.990284 0.499577 0.021478
203 0.009716 -1.121538 2.931258 0.990284 0.510683 0.054958
204 0.009716 -1.121538 2.931258 0.990284 0.524671 0.058061
205 0.009716 -1.121538 2.931258 0.990284 0.509580 0.025166
206 0.009716 -1.121538 2.931258 0.990284 0.522298 0.062718
207 0.001570 0.038148 -0.010681 0.998430 0.508091 0.107247
208 0.001570 0.038148 -0.010681 0.998430 0.512578 0.022732
209 0.001570 0.038148 -0.010681 0.998430 0.492604 0.022505
210 0.001570 0.038148 -0.010681 0.998430 0.550274 0.019795
211 0.001570 0.038148 -0.010681 0.998430 0.531657 0.097741
212 0.001570 0.038148 -0.010681 0.998430 0.502586 0.053061
213 0.001570 0.038148 -0.010681 0.998430 0.522498 0.112925
214 0.001570 0.038148 -0.010681 0.998430 0.516363 0.024925
215 0.001570 0.038148 -0.010681 0.998430 0.498181 0.056799
216 0.001570 0.038148 -0.010681 0.998430 0.546448 0.063009
217 0.001570 0.038148 -0.010681 0.998430 0.500649 0.019617
218 0.001570 0.038148 -0.010681 0.998430 0.520901 0.013040
219 0.001570 0.038148 -0.010681 0.998430 0.508725 0.015747
220 0.001570 0.038148 -0.010681 0.998430 0.502423 0.070936
221 0.001570 0.038148 -0.010681 0.998430 0.522346 0.002994
222 0.001570 0.038148 -0.010681 0.998430 0.538805 0.003898
223 0.001570 0.038148 -0.010681 0.998430 0.536712 0.025728
224 0.001570 0.038148 -0.010681 0.998430 0.517680 0.007717
225 0.001570 0.038148 -0.010681 0.998430 0.531996 0.002568
226 0.001570 0.038148 -0.010681 0.998430 0.506151 0.002621
227 0.001570 0.038148 -0.010681 0.998430 0.537203 0.112292
228 0.001570 0.038148 -0.010681 0.998430 0.529772 0.005722
229 0.001570 0.038148 -0.010681 0.998430 0.508726 0.043262
230 0.001570 0.038148 -0.010681 0.998430 0.509857 0.004957
231 0.001570 0.038148 -0.010681 0.998430 0.500949 0.099978
232 0.001570 0.038148 -0.010681 0.998430 0.522501 0.012134
233 0.001570 0.038148 -0.010681 0.998430 0.531423 0.028488
234 0.001570 0.038148 -0.010681 0.998430 0.527804 0.094698
235 0.001570 0.038148 -0.010681 0.998430 0.502583 0.016021
236 0.001570 0.038148 -0.010681 0.998430 0.492556 0.047028
237 0.001570 0.038148 -0.010681 0.998430 0.506936 0.061787
238 0.001570 0.038148 -0.010681 0.998430 0.536670 0.021644
239 0.001570 0.038148 -0.010681 0.998430 0.507871 0.021718
240 0.001570 0.038148 -0.010681 0.998430 0.493237 0.002464
241 0.001570 0.038148 -0.010681 0.998430 0.518183 0.004015
242 0.001570 0.038148 -0.010681 0.998430 0.517573 0.040330
243 0.001570 0.038148 -0.010681 0.998430 0.508174 0.027634
244 0.001570 0.038148 -0.010681 0.998430 0.500172 0.021573
245 0.001570 0.038148 -0.010681 0.998430 0.485446 0.002638
246 0.001570 0.038148 -0.010681 0.998430 0.526032 0.024765
247 0.001570 0.038148 -0.010681 0.998430 0.526796 0.038669
248 0.001570 0.038148 -0.010681 0.998430 0.498532 0.026968
249 0.001570 0.038148 -0.010681 0.998430 0.517706 0.043731
250 0.001570 0.038148 -0.010681 0.998430 0.509247 0.067024
251 0.001570 0.038148 -0.010681 0.998430 0.529531 0.005071
252 0.001570 0.038148 -0.010681 0.998430 0.532853 0.050812
253 0.001570 0.038148 -0.010681 0.998430 0.509358 0.015062
254 0.001570 0.038148 -0.010681 0.998430 0.487557 0.045493
255 0.001570 0.038148 -0.010681 0.998430 0.509085 0.035292
256 0.001570 0.038148 -0.010681 0.998430 0.496265 0.017138
257 0.001570 0.038148 -0.010681 0.998430 0.535622 0.112796
258 0.001570 0.038148 -0.010681 0.998430 0.506460 0.017122
259 0.001570 0.038148 -0.010681 0.998430 0.523550 0.003032
260 0.001570 0.038148 -0.010681 0.998430 0.524801 0.025969
261 0.001570 0.038148 -0.010681 0.998430 0.511769 0.049491
262 0.001570 0.038148 -0.010681 0.998430 0.527203 0.022572
263 0.001570 0.038148 -0.010681 0.998430 0.514111 0.080728
264 0.001570 0.038148 -0.010681 0.998430 0.528453 0.022230
265 0.001570 0.038148 -0.010681 0.998430 0.522408 0.002935
266 0.001570 0.038148 -0.010681 0.998430 0.522970 0.194627
267 0.001570 0.038148 -0.010681 0.998430 0.501901 0.139651
268 0.001570 0.038148 -0.010681 0.998430 0.497046 0.032643
269 0.001570 0.038148 -0.010681 0.998430 0.545909 0.173486
270 0.001570 0.038148 -0.010681 0.998430 0.522599 0.027894
271 0.001570 0.038148 -0.010681 0.998430 0.525035 0.198933
272 0.001570 0.038148 -0.010681 0.998430 0.553942 0.209778
273 0.001570 0.038148 -0.010681 0.998430 0.515149 0.057778
274 0.001570 0.038148 -0.010681 0.998430 0.498907 0.173745
275 0.001570 0.038148 -0.010681 0.998430 0.527900 0.052248
276 0.001570 0.038148 -0.010681 0.998430 0.510388 0.128114
277 0.001570 0.038148 -0.010681 0.998430 0.506949 0.021599
278 0.001570 0.038148 -0.010681 0.998430 0.522862 0.062685
279 0.001570 0.038148 -0.010681 0.998430 0.474741 0.002467
280 0.001570 0.038148 -0.010681 0.998430 0.515209 0.056366
281 0.001570 0.038148 -0.010681 0.998430 0.541168 0.030124
282 0.001570 0.038148 -0.010681 0.998430 0.499633 0.006367
283 0.001570 0.038148 -0.010681 0.998430 0.520774 0.021470
284 0.001570 0.038148 -0.010681 0.998430 0.522208 0.040965
285 0.001570 0.038148 -0.010681 0.998430 0.494872 0.008280
286 0.001570 0.038148 -0.010681 0.998430 0.511385 0.039310
287 0.001570 0.038148 -0.010681 0.998430 0.525990 0.009527
288 0.001570 0.038148 -0.010681 0.998430 0.540073 0.063090
289 0.001570 0.038148 -0.010681 0.998430 0.506146 0.074712
290 0.001570 0.038148 -0.010681 0.998430 0.522712 0.084686
291 0.001570 0.038148 -0.010681 0.998430 0.527229 0.061386
292 0.001570 0.038148 -0.010681 0.998430 0.529341 0.061551
293 0.001570 0.038148 -0.010681 0.998430 0.517150 0.109100
294 0.001570 0.038148 -0.010681 0.998430 0.499042 0.003800
295 0.001570 0.038148 -0.010681 0.998430 0.521092 0.034653
296 0.001570 0.038148 -0.010681 0.998430 0.522174 0.059446
297 0.001570 0.038148 -0.010681 0.998430 0.506825 0.141273
298 0.001570 0.038148 -0.010681 0.998430 0.531834 0.119116
299 0.001570 0.038148 -0.010681 0.998430 0.517617 0.022952
300 0.001570 0.038148 -0.010681 0.998430 0.504536 0.065040
301 0.001570 0.038148 -0.010681 0.998430 0.531071 0.203515
302 0.001570 0.038148 -0.010681 0.998430 0.555893 0.069578
303 0.001570 0.038148 -0.010681 0.998430 0.492955 0.059858
304 0.001570 0.038148 -0.010681 0.998430 0.519567 0.021893
305 0.001570 0.038148 -0.010681 0.998430 0.487711 0.024282
306 0.001570 0.038148 -0.010681 0.998430 0.528133 0.021468
307 0.001570 0.038148 -0.010681 0.998430 0.521087 0.102889
308 0.001570 0.038148 -0.010681 0.998430 0.533412 0.041369
309 0.001570 0.038148 -0.010681 0.998430 0.550436 0.090553
310 0.001570 0.038148 -0.010681 0.998430 0.536090 0.165611
311 0.001570 0.038148 -0.010681 0.998430 0.520967 0.044904
312 0.001570 0.038148 -0.010681 0.998430 0.522719 0.103063
313 0.001570 0.038148 -0.010681 0.998430 0.531083 0.072137
314 0.001570 0.038148 -0.010681 0.998430 0.519755 0.056504
315 0.001570 0.038148 -0.010681 0.998430 0.549247 0.076307
316 0.001570 0.038148 -0.010681 0.998430 0.510694 0.024374
317 0.001570 0.038148 -0.010681 0.998430 0.534229 0.082681
318 0.001570 0.038148 -0.010681 0.998430 0.518627 0.013352
319 0.001570 0.038148 -0.010681 0.998430 0.539854 0.036050
320 0.001570 0.038148 -0.010681 0.998430 0.505712 0.025751
321 0.001570 0.038148 -0.010681 0.998430 0.533276 0.086681
322 0.001570 0.038148 -0.010681 0.998430 0.539737 0.079962
323 0.001570 0.038148 -0.010681 0.998430 0.499787 0.036587
324 0.001570 0.038148 -0.010681 0.998430 0.509981 0.033508
325 0.001570 0.038148 -0.010681 0.998430 0.523655 0.013577
326 0.001570 0.038148 -0.010681 0.998430 0.494024 0.003392
327 0.001570 0.038148 -0.010681 0.998430 0.483699 0.011010
328 0.001570 0.038148 -0.010681 0.998430 0.519497 0.004593
329 0.001570 0.038148 -0.010681 0.998430 0.500421 0.002730
330 0.001570 0.038148 -0.010681 0.998430 0.541299 0.082942
331 0.001570 0.038148 -0.010681 0.998430 0.546422 0.063205
332 0.001570 0.038148 -0.010681 0.998430 0.495034 0.006284
333 0.001570 0.038148 -0.010681 0.998430 0.515541 0.035184
334 0.001570 0.038148 -0.010681 0.998430 0.541381 0.057076
335 0.001570 0.038148 -0.010681 0.998430 0.528721 0.016050
336 0.001570 0.038148 -0.010681 0.998430 0.522670 0.020543
337 0.001570 0.038148 -0.010681 0.998430 0.505047 0.022699
338 0.001570 0.038148 -0.010681 0.998430 0.495815 0.008426
339 0.001570 0.038148 -0.010681 0.998430 0.541562 0.046900
340 0.001570 0.038148 -0.010681 0.998430 0.532339 0.035274
341 0.001570 0.038148 -0.010681 0.998430 0.494886 0.003617
342 0.001570 0.038148 -0.010681 0.998430 0.515486 0.062858
343 0.001570 0.038148 -0.010681 0.998430 0.507725 0.065885
344 0.001570 0.038148 -0.010681 0.998430 0.507693 0.007011
345 0.001570 0.038148 -0.010681 0.998430 0.519522 0.021468
346 0.001570 0.038148 -0.010681 0.998430 0.517683 0.096565
347 0.001570 0.038148 -0.010681 0.998430 0.515965 0.076385
348 0.001570 0.038148 -0.010681 0.998430 0.510071 0.028013
349 0.001570 0.038148 -0.010681 0.998430 0.500738 0.079892
350 0.001570 0.038148 -0.010681 0.998430 0.538981 0.110581
351 0.001570 0.038148 -0.010681 0.998430 0.494834 0.028318
352 0.001570 0.038148 -0.010681 0.998430 0.509317 0.057593
353 0.001570 0.038148 -0.010681 0.998430 0.504576 0.039245
354 0.001570 0.038148 -0.010681 0.998430 0.536616 0.107064
355 0.001570 0.038148 -0.010681 0.998430 0.530741 0.091358
356 0.001570 0.038148 -0.010681 0.998430 0.526972 0.031550
357 0.001570 0.038148 -0.010681 0.998430 0.540714 0.052656
358 0.001570 0.038148 -0.010681 0.998430 0.523134 0.174477
359 0.001570 0.038148 -0.010681 0.998430 0.522750 0.100355
360 0.001570 0.038148 -0.010681 0.998430 0.507638 0.023011
361 0.001570 0.038148 -0.010681 0.998430 0.517493 0.075019
362 0.001570 0.038148 -0.010681 0.998430 0.537999 0.108881
363 0.001570 0.038148 -0.010681 0.998430 0.495638 0.103369
364 0.001570 0.038148 -0.010681 0.998430 0.539746 0.279401
365 0.001570 0.038148 -0.010681 0.998430 0.518087 0.033353
366 0.001570 0.038148 -0.010681 0.998430 0.545656 0.059259
367 0.001570 0.038148 -0.010681 0.998430 0.514704 0.049998
368 0.001570 0.038148 -0.010681 0.998430 0.523972 0.058279
369 0.001570 0.038148 -0.010681 0.998430 0.468604 0.022198
370 0.001570 0.038148 -0.010681 0.998430 0.508259 0.028342
371 0.001570 0.038148 -0.010681 0.998430 0.496177 0.077292
372 0.001570 0.038148 -0.010681 0.998430 0.483890 0.156206
373 0.001570 0.038148 -0.010681 0.998430 0.531943 0.068368
374 0.001570 0.038148 -0.010681 0.998430 0.498817 0.030458
375 0.001570 0.038148 -0.010681 0.998430 0.504146 0.060963
376 0.001570 0.038148 -0.010681 0.998430 0.549537 0.023719
377 0.001570 0.038148 -0.010681 0.998430 0.531507 0.087923
378 0.001570 0.038148 -0.010681 0.998430 0.509837 0.046058
379 0.001570 0.038148 -0.010681 0.998430 0.499256 0.014523
380 0.001570 0.038148 -0.010681 0.998430 0.504219 0.046669
381 0.001570 0.038148 -0.010681 0.998430 0.497180 0.002657
382 0.001570 0.038148 -0.010681 0.998430 0.528635 0.048713
383 0.001570 0.038148 -0.010681 0.998430 0.523988 0.022593
384 0.001570 0.038148 -0.010681 0.998430 0.511570 0.021841
385 0.001570 0.038148 -0.010681 0.998430 0.529040 0.049812
386 0.001570 0.038148 -0.010681 0.998430 0.499024 0.025777
387 0.001570 0.038148 -0.010681 0.998430 0.536921 0.194098
388 0.001570 0.038148 -0.010681 0.998430 0.500381 0.028308
389 0.001570 0.038148 -0.010681 0.998430 0.527257 0.003727
390 0.001570 0.038148 -0.010681 0.998430 0.530201 0.142305
391 0.001570 0.038148 -0.010681 0.998430 0.498011 0.023397
392 0.001570 0.038148 -0.010681 0.998430 0.547266 0.035995
393 0.001570 0.038148 -0.010681 0.998430 0.510093 0.102878
394 0.001570 0.038148 -0.010681 0.998430 0.531507 0.035438
395 0.001570 0.038148 -0.010681 0.998430 0.527962 0.022049
396 0.001570 0.038148 -0.010681 0.998430 0.531907 0.075868
397 0.001570 0.038148 -0.010681 0.998430 0.524849 0.051539
398 0.001570 0.038148 -0.010681 0.998430 0.542389 0.023506
399 0.001570 0.038148 -0.010681 0.998430 0.538945 0.019247
400 0.001570 0.038148 -0.010681 0.998430 0.529816 0.056746
401 0.001570 0.038148 -0.010681 0.998430 0.506727 0.004796
402 0.001570 0.038148 -0.010681 0.998430 0.527982 0.056388
403 0.001570 0.038148 -0.010681 0.998430 0.502623 0.003607
404 0.001570 0.038148 -0.010681 0.998430 0.514018 0.008130
405 0.001570 0.038148 -0.010681 0.998430 0.506986 0.039809
406 0.001570 0.038148 -0.010681 0.998430 0.540529 0.002469
407 0.001570 0.038148 -0.010681 0.998430 0.515206 0.053447
408 0.001570 0.038148 -0.010681 0.998430 0.535130 0.206582
409 0.001570 0.038148 -0.010681 0.998430 0.518339 0.002506
410 0.001570 0.038148 -0.010681 0.998430 0.495411 0.064418
411 0.001570 0.038148 -0.010681 0.998430 0.505333 0.008076
412 0.001570 0.038148 -0.010681 0.998430 0.539172 0.036321
413 0.001570 0.038148 -0.010681 0.998430 0.523085 0.006449
414 0.001570 0.038148 -0.010681 0.998430 0.517799 0.019039
415 0.001570 0.038148 -0.010681 0.998430 0.553643 0.038767
416 0.001570 0.038148 -0.010681 0.998430 0.531279 0.016148
417 0.001570 0.038148 -0.010681 0.998430 0.527826 0.002457
418 0.001570 0.038148 -0.010681 0.998430 0.516245 0.064361
419 0.001570 0.038148 -0.010681 0.998430 0.539868 0.057513
420 0.001570 0.038148 -0.010681 0.998430 0.516178 0.009890
421 0.001570 0.038148 -0.010681 0.998430 0.497360 0.019000
422 0.001570 0.038148 -0.010681 0.998430 0.532680 0.002517
423 0.001570 0.038148 -0.010681 0.998430 0.533723 0.002473
424 0.001570 0.038148 -0.010681 0.998430 0.542813 0.045078
425 0.001570 0.038148 -0.010681 0.998430 0.531446 0.051617
426 0.001570 0.038148 -0.010681 0.998430 0.542785 0.063997
427 0.001570 0.038148 -0.010681 0.998430 0.529236 0.008144
428 0.001570 0.038148 -0.010681 0.998430 0.523372 0.066284
429 0.001570 0.038148 -0.010681 0.998430 0.519697 0.052696
430 0.001570 0.038148 -0.010681 0.998430 0.529764 0.002785
431 0.001570 0.038148 -0.010681 0.998430 0.503587 0.026993
432 0.001570 0.038148 -0.010681 0.998430 0.511647 0.030023
433 0.001570 0.038148 -0.010681 0.998430 0.512017 0.029191
434 0.001570 0.038148 -0.010681 0.998430 0.540415 0.022166
435 0.001570 0.038148 -0.010681 0.998430 0.524820 0.035392
436 0.000564 -0.016785 0.016785 0.999436 0.531369 0.005358
437 0.000564 -0.016785 0.016785 0.999436 0.555230 0.055154
438 0.000564 -0.016785 0.016785 0.999436 0.535973 0.008130
439 0.000564 -0.016785 0.016785 0.999436 0.496777 0.003042
440 0.000564 -0.016785 0.016785 0.999436 0.559395 0.154272
441 0.000564 -0.016785 0.016785 0.999436 0.555912 0.068748
442 0.000564 -0.016785 0.016785 0.999436 0.499541 0.002458
443 0.000564 -0.016785 0.016785 0.999436 0.547689 0.015418
444 0.000564 -0.016785 0.016785 0.999436 0.513107 0.002538
445 0.000564 -0.016785 0.016785 0.999436 0.509642 0.060831
446 0.000564 -0.016785 0.016785 0.999436 0.531046 0.035196
447 0.000564 -0.016785 0.016785 0.999436 0.505879 0.029351
448 0.000564 -0.016785 0.016785 0.999436 0.509408 0.022529
449 0.000564 -0.016785 0.016785 0.999436 0.517833 0.016803
450 0.000564 -0.016785 0.016785 0.999436 0.534780 0.015385
451 0.000564 -0.016785 0.016785 0.999436 0.498911 0.079865
452 0.000564 -0.016785 0.016785 0.999436 0.497423 0.041967
453 0.000564 -0.016785 0.016785 0.999436 0.515542 0.131772
454 0.000564 -0.016785 0.016785 0.999436 0.546065 0.022682
455 0.000564 -0.016785 0.016785 0.999436 0.498921 0.032778
456 0.000564 -0.016785 0.016785 0.999436 0.506098 0.002568
457 0.000564 -0.016785 0.016785 0.999436 0.560696 0.329568
458 0.000564 -0.016785 0.016785 0.999436 0.482380 0.027434
459 0.000564 -0.016785 0.016785 0.999436 0.514891 0.030566
460 0.000564 -0.016785 0.016785 0.999436 0.517808 0.057646
461 0.000564 -0.016785 0.016785 0.999436 0.539492 0.031482
462 0.000564 -0.016785 0.016785 0.999436 0.530794 0.024476
463 0.000564 -0.016785 0.016785 0.999436 0.507780 0.042243
464 0.000564 -0.016785 0.016785 0.999436 0.518071 0.092784
465 0.000564 -0.016785 0.016785 0.999436 0.511150 0.021498
466 0.000564 -0.016785 0.016785 0.999436 0.522548 0.021515
467 0.000564 -0.016785 0.016785 0.999436 0.498843 0.022942
468 0.000564 -0.016785 0.016785 0.999436 0.520286 0.065341
469 0.000564 -0.016785 0.016785 0.999436 0.518641 0.005243
470 0.000564 -0.016785 0.016785 0.999436 0.501088 0.041576
471 0.000564 -0.016785 0.016785 0.999436 0.522288 0.045958
472 0.000564 -0.016785 0.016785 0.999436 0.525112 0.056466
473 0.000564 -0.016785 0.016785 0.999436 0.509659 0.005191
474 0.000564 -0.016785 0.016785 0.999436 0.498341 0.141574
475 0.000564 -0.016785 0.016785 0.999436 0.536281 0.058643
476 0.000564 -0.016785 0.016785 0.999436 0.516183 0.035988
477 0.000564 -0.016785 0.016785 0.999436 0.508904 0.092405
478 0.000564 -0.016785 0.016785 0.999436 0.484502 0.038200
479 0.000564 -0.016785 0.016785 0.999436 0.476432 0.025306
480 0.000564 -0.016785 0.016785 0.999436 0.506976 0.047410
481 0.000564 -0.016785 0.016785 0.999436 0.503256 0.053056
482 0.000564 -0.016785 0.016785 0.999436 0.499242 0.028746
483 0.000564 -0.016785 0.016785 0.999436 0.510595 0.054913
484 0.000564 -0.016785 0.016785 0.999436 0.513864 0.203510
485 0.000564 -0.016785 0.016785 0.999436 0.480483 0.020482
486 0.000564 -0.016785 0.016785 0.999436 0.551356 0.082277
487 0.000564 -0.016785 0.016785 0.999436 0.518284 0.116172
488 0.000564 -0.016785 0.016785 0.999436 0.498795 0.064991
489 0.000564 -0.016785 0.016785 0.999436 0.549102 0.021504
490 0.000564 -0.016785 0.016785 0.999436 0.517538 0.059748
491 0.000564 -0.016785 0.016785 0.999436 0.499637 0.044079
492 0.000564 -0.016785 0.016785 0.999436 0.520751 0.070536
493 0.000564 -0.016785 0.016785 0.999436 0.535035 0.077269
494 0.000564 -0.016785 0.016785 0.999436 0.519436 0.035161
495 0.000564 -0.016785 0.016785 0.999436 0.533233 0.048421
496 0.000564 -0.016785 0.016785 0.999436 0.516076 0.031849
497 0.000564 -0.016785 0.016785 0.999436 0.497212 0.021066
498 0.000564 -0.016785 0.016785 0.999436 0.495681 0.058807
499 0.000564 -0.016785 0.016785 0.999436 0.508779 0.034112
